 v-sweep         v(d)            i(VDS)         
 0.00000000e+00  0.00000000e+00  4.21287615e-12 
 1.00000000e-02  1.00000000e-02 -1.06350992e-07 
 2.00000000e-02  2.00000000e-02 -1.85405501e-07 
 3.00000000e-02  3.00000000e-02 -2.41896862e-07 
 4.00000000e-02  4.00000000e-02 -2.81683920e-07 
 5.00000000e-02  5.00000000e-02 -3.10486784e-07 
 6.00000000e-02  6.00000000e-02 -3.32719259e-07 
 7.00000000e-02  7.00000000e-02 -3.51222112e-07 
 8.00000000e-02  8.00000000e-02 -3.67651864e-07 
 9.00000000e-02  9.00000000e-02 -3.82947572e-07 
 1.00000000e-01  1.00000000e-01 -3.97649626e-07 
 1.10000000e-01  1.10000000e-01 -4.12080488e-07 
 1.20000000e-01  1.20000000e-01 -4.26441411e-07 
 1.30000000e-01  1.30000000e-01 -4.40864111e-07 
 1.40000000e-01  1.40000000e-01 -4.55438982e-07 
 1.50000000e-01  1.50000000e-01 -4.70231012e-07 
 1.60000000e-01  1.60000000e-01 -4.85289059e-07 
 1.70000000e-01  1.70000000e-01 -5.00651456e-07 
 1.80000000e-01  1.80000000e-01 -5.16349499e-07 
 1.90000000e-01  1.90000000e-01 -5.32409685e-07 
 2.00000000e-01  2.00000000e-01 -5.48855188e-07 
 2.10000000e-01  2.10000000e-01 -5.65706861e-07 
 2.20000000e-01  2.20000000e-01 -5.82983920e-07 
 2.30000000e-01  2.30000000e-01 -6.00704421e-07 
 2.40000000e-01  2.40000000e-01 -6.18885618e-07 
 2.50000000e-01  2.50000000e-01 -6.37544218e-07 
 2.60000000e-01  2.60000000e-01 -6.56696575e-07 
 2.70000000e-01  2.70000000e-01 -6.76358835e-07 
 2.80000000e-01  2.80000000e-01 -6.96547047e-07 
 2.90000000e-01  2.90000000e-01 -7.17277249e-07 
 3.00000000e-01  3.00000000e-01 -7.38565543e-07 
 3.10000000e-01  3.10000000e-01 -7.60428144e-07 
 3.20000000e-01  3.20000000e-01 -7.82881433e-07 
 3.30000000e-01  3.30000000e-01 -8.05941988e-07 
 3.40000000e-01  3.40000000e-01 -8.29626623e-07 
 3.50000000e-01  3.50000000e-01 -8.53952411e-07 
 3.60000000e-01  3.60000000e-01 -8.78936710e-07 
 3.70000000e-01  3.70000000e-01 -9.04597184e-07 
 3.80000000e-01  3.80000000e-01 -9.30951821e-07 
 3.90000000e-01  3.90000000e-01 -9.58018949e-07 
 4.00000000e-01  4.00000000e-01 -9.85817257e-07 
 4.10000000e-01  4.10000000e-01 -1.01436580e-06 
 4.20000000e-01  4.20000000e-01 -1.04368402e-06 
 4.30000000e-01  4.30000000e-01 -1.07379176e-06 
 4.40000000e-01  4.40000000e-01 -1.10470927e-06 
 4.50000000e-01  4.50000000e-01 -1.13645722e-06 
 4.60000000e-01  4.60000000e-01 -1.16905672e-06 
 4.70000000e-01  4.70000000e-01 -1.20252930e-06 
 4.80000000e-01  4.80000000e-01 -1.23689698e-06 
 4.90000000e-01  4.90000000e-01 -1.27218221e-06 
 5.00000000e-01  5.00000000e-01 -1.30840794e-06 
 5.10000000e-01  5.10000000e-01 -1.34559760e-06 
 5.20000000e-01  5.20000000e-01 -1.38377510e-06 
 5.30000000e-01  5.30000000e-01 -1.42296487e-06 
 5.40000000e-01  5.40000000e-01 -1.46319185e-06 
 5.50000000e-01  5.50000000e-01 -1.50448151e-06 
 5.60000000e-01  5.60000000e-01 -1.54685985e-06 
 5.70000000e-01  5.70000000e-01 -1.59035342e-06 
 5.80000000e-01  5.80000000e-01 -1.63498932e-06 
 5.90000000e-01  5.90000000e-01 -1.68079522e-06 
 6.00000000e-01  6.00000000e-01 -1.72779936e-06 
 6.10000000e-01  6.10000000e-01 -1.77603058e-06 
 6.20000000e-01  6.20000000e-01 -1.82551830e-06 
 6.30000000e-01  6.30000000e-01 -1.87629256e-06 
 6.40000000e-01  6.40000000e-01 -1.92838401e-06 
 6.50000000e-01  6.50000000e-01 -1.98182394e-06 
 6.60000000e-01  6.60000000e-01 -2.03664426e-06 
 6.70000000e-01  6.70000000e-01 -2.09287757e-06 
 6.80000000e-01  6.80000000e-01 -2.15055708e-06 
 6.90000000e-01  6.90000000e-01 -2.20971671e-06 
 7.00000000e-01  7.00000000e-01 -2.27039107e-06 
 7.10000000e-01  7.10000000e-01 -2.33261544e-06 
 7.20000000e-01  7.20000000e-01 -2.39642584e-06 
 7.30000000e-01  7.30000000e-01 -2.46185898e-06 
 7.40000000e-01  7.40000000e-01 -2.52895233e-06 
 7.50000000e-01  7.50000000e-01 -2.59774411e-06 
 7.60000000e-01  7.60000000e-01 -2.66827328e-06 
 7.70000000e-01  7.70000000e-01 -2.74057959e-06 
 7.80000000e-01  7.80000000e-01 -2.81470358e-06 
 7.90000000e-01  7.90000000e-01 -2.89068656e-06 
 8.00000000e-01  8.00000000e-01 -2.96857071e-06 
 8.10000000e-01  8.10000000e-01 -3.04839899e-06 
 8.20000000e-01  8.20000000e-01 -3.13021523e-06 
 8.30000000e-01  8.30000000e-01 -3.21406411e-06 
 8.40000000e-01  8.40000000e-01 -3.29999118e-06 
 8.50000000e-01  8.50000000e-01 -3.38804290e-06 
 8.60000000e-01  8.60000000e-01 -3.47826660e-06 
 8.70000000e-01  8.70000000e-01 -3.57071057e-06 
 8.80000000e-01  8.80000000e-01 -3.66542400e-06 
 8.90000000e-01  8.90000000e-01 -3.76245706e-06 
 9.00000000e-01  9.00000000e-01 -3.86186088e-06 
 9.10000000e-01  9.10000000e-01 -3.96368758e-06 
 9.20000000e-01  9.20000000e-01 -4.06799027e-06 
 9.30000000e-01  9.30000000e-01 -4.17482311e-06 
 9.40000000e-01  9.40000000e-01 -4.28424128e-06 
 9.50000000e-01  9.50000000e-01 -4.39630101e-06 
 9.60000000e-01  9.60000000e-01 -4.51105963e-06 
 9.70000000e-01  9.70000000e-01 -4.62857554e-06 
 9.80000000e-01  9.80000000e-01 -4.74890827e-06 
 9.90000000e-01  9.90000000e-01 -4.87211849e-06 
 1.00000000e+00  1.00000000e+00 -4.99826799e-06 
 1.01000000e+00  1.01000000e+00 -5.12741978e-06 
 1.02000000e+00  1.02000000e+00 -5.25963803e-06 
 1.03000000e+00  1.03000000e+00 -5.39498813e-06 
 1.04000000e+00  1.04000000e+00 -5.53353673e-06 
 1.05000000e+00  1.05000000e+00 -5.67535171e-06 
 1.06000000e+00  1.06000000e+00 -5.82050227e-06 
 1.07000000e+00  1.07000000e+00 -5.96905887e-06 
 1.08000000e+00  1.08000000e+00 -6.12109335e-06 
 1.09000000e+00  1.09000000e+00 -6.27667888e-06 
 1.10000000e+00  1.10000000e+00 -6.43589003e-06 
 1.11000000e+00  1.11000000e+00 -6.59880281e-06 
 1.12000000e+00  1.12000000e+00 -6.76549464e-06 
 1.13000000e+00  1.13000000e+00 -6.93604446e-06 
 1.14000000e+00  1.14000000e+00 -7.11053273e-06 
 1.15000000e+00  1.15000000e+00 -7.28904148e-06 
 1.16000000e+00  1.16000000e+00 -7.47165435e-06 
 1.17000000e+00  1.17000000e+00 -7.65845667e-06 
 1.18000000e+00  1.18000000e+00 -7.84953546e-06 
 1.19000000e+00  1.19000000e+00 -8.04497959e-06 
 1.20000000e+00  1.20000000e+00 -8.24487975e-06 
 0.00000000e+00  0.00000000e+00  3.80823036e-11 
 1.00000000e-02  1.00000000e-02 -5.50021256e-06 
 2.00000000e-02  2.00000000e-02 -9.99460030e-06 
 3.00000000e-02  3.00000000e-02 -1.35813240e-05 
 4.00000000e-02  4.00000000e-02 -1.63817770e-05 
 5.00000000e-02  5.00000000e-02 -1.85383360e-05 
 6.00000000e-02  6.00000000e-02 -2.02035999e-05 
 7.00000000e-02  7.00000000e-02 -2.15198280e-05 
 8.00000000e-02  8.00000000e-02 -2.26014486e-05 
 9.00000000e-02  9.00000000e-02 -2.35302828e-05 
 1.00000000e-01  1.00000000e-01 -2.43607381e-05 
 1.10000000e-01  1.10000000e-01 -2.51278581e-05 
 1.20000000e-01  1.20000000e-01 -2.58541369e-05 
 1.30000000e-01  1.30000000e-01 -2.65542043e-05 
 1.40000000e-01  1.40000000e-01 -2.72377820e-05 
 1.50000000e-01  1.50000000e-01 -2.79114921e-05 
 1.60000000e-01  1.60000000e-01 -2.85799620e-05 
 1.70000000e-01  1.70000000e-01 -2.92465057e-05 
 1.80000000e-01  1.80000000e-01 -2.99135526e-05 
 1.90000000e-01  1.90000000e-01 -3.05829227e-05 
 2.00000000e-01  2.00000000e-01 -3.12560074e-05 
 2.10000000e-01  2.10000000e-01 -3.19338899e-05 
 2.20000000e-01  2.20000000e-01 -3.26174285e-05 
 2.30000000e-01  2.30000000e-01 -3.33073135e-05 
 2.40000000e-01  2.40000000e-01 -3.40041089e-05 
 2.50000000e-01  2.50000000e-01 -3.47082811e-05 
 2.60000000e-01  2.60000000e-01 -3.54202207e-05 
 2.70000000e-01  2.70000000e-01 -3.61402588e-05 
 2.80000000e-01  2.80000000e-01 -3.68686786e-05 
 2.90000000e-01  2.90000000e-01 -3.76057247e-05 
 3.00000000e-01  3.00000000e-01 -3.83516104e-05 
 3.10000000e-01  3.10000000e-01 -3.91065227e-05 
 3.20000000e-01  3.20000000e-01 -3.98706270e-05 
 3.30000000e-01  3.30000000e-01 -4.06440703e-05 
 3.40000000e-01  3.40000000e-01 -4.14269841e-05 
 3.50000000e-01  3.50000000e-01 -4.22194864e-05 
 3.60000000e-01  3.60000000e-01 -4.30216836e-05 
 3.70000000e-01  3.70000000e-01 -4.38336717e-05 
 3.80000000e-01  3.80000000e-01 -4.46555379e-05 
 3.90000000e-01  3.90000000e-01 -4.54873615e-05 
 4.00000000e-01  4.00000000e-01 -4.63292143e-05 
 4.10000000e-01  4.10000000e-01 -4.71811618e-05 
 4.20000000e-01  4.20000000e-01 -4.80432634e-05 
 4.30000000e-01  4.30000000e-01 -4.89155733e-05 
 4.40000000e-01  4.40000000e-01 -4.97981405e-05 
 4.50000000e-01  4.50000000e-01 -5.06910093e-05 
 4.60000000e-01  4.60000000e-01 -5.15942196e-05 
 4.70000000e-01  4.70000000e-01 -5.25078075e-05 
 4.80000000e-01  4.80000000e-01 -5.34318049e-05 
 4.90000000e-01  4.90000000e-01 -5.43662401e-05 
 5.00000000e-01  5.00000000e-01 -5.53111380e-05 
 5.10000000e-01  5.10000000e-01 -5.62665200e-05 
 5.20000000e-01  5.20000000e-01 -5.72324045e-05 
 5.30000000e-01  5.30000000e-01 -5.82088067e-05 
 5.40000000e-01  5.40000000e-01 -5.91957388e-05 
 5.50000000e-01  5.50000000e-01 -6.01932103e-05 
 5.60000000e-01  5.60000000e-01 -6.12012279e-05 
 5.70000000e-01  5.70000000e-01 -6.22197954e-05 
 5.80000000e-01  5.80000000e-01 -6.32489143e-05 
 5.90000000e-01  5.90000000e-01 -6.42885835e-05 
 6.00000000e-01  6.00000000e-01 -6.53387993e-05 
 6.10000000e-01  6.10000000e-01 -6.63995561e-05 
 6.20000000e-01  6.20000000e-01 -6.74708454e-05 
 6.30000000e-01  6.30000000e-01 -6.85526570e-05 
 6.40000000e-01  6.40000000e-01 -6.96449783e-05 
 6.50000000e-01  6.50000000e-01 -7.07477946e-05 
 6.60000000e-01  6.60000000e-01 -7.18610895e-05 
 6.70000000e-01  6.70000000e-01 -7.29848443e-05 
 6.80000000e-01  6.80000000e-01 -7.41190387e-05 
 6.90000000e-01  6.90000000e-01 -7.52636505e-05 
 7.00000000e-01  7.00000000e-01 -7.64186558e-05 
 7.10000000e-01  7.10000000e-01 -7.75840291e-05 
 7.20000000e-01  7.20000000e-01 -7.87597435e-05 
 7.30000000e-01  7.30000000e-01 -7.99457704e-05 
 7.40000000e-01  7.40000000e-01 -8.11420799e-05 
 7.50000000e-01  7.50000000e-01 -8.23486409e-05 
 7.60000000e-01  7.60000000e-01 -8.35654211e-05 
 7.70000000e-01  7.70000000e-01 -8.47923869e-05 
 7.80000000e-01  7.80000000e-01 -8.60295039e-05 
 7.90000000e-01  7.90000000e-01 -8.72767367e-05 
 8.00000000e-01  8.00000000e-01 -8.85340490e-05 
 8.10000000e-01  8.10000000e-01 -8.98014040e-05 
 8.20000000e-01  8.20000000e-01 -9.10787642e-05 
 8.30000000e-01  8.30000000e-01 -9.23660914e-05 
 8.40000000e-01  8.40000000e-01 -9.36633472e-05 
 8.50000000e-01  8.50000000e-01 -9.49704929e-05 
 8.60000000e-01  8.60000000e-01 -9.62874896e-05 
 8.70000000e-01  8.70000000e-01 -9.76142982e-05 
 8.80000000e-01  8.80000000e-01 -9.89508800e-05 
 8.90000000e-01  8.90000000e-01 -1.00297196e-04 
 9.00000000e-01  9.00000000e-01 -1.01653208e-04 
 9.10000000e-01  9.10000000e-01 -1.03018877e-04 
 9.20000000e-01  9.20000000e-01 -1.04394167e-04 
 9.30000000e-01  9.30000000e-01 -1.05779040e-04 
 9.40000000e-01  9.40000000e-01 -1.07173460e-04 
 9.50000000e-01  9.50000000e-01 -1.08577391e-04 
 9.60000000e-01  9.60000000e-01 -1.09990800e-04 
 9.70000000e-01  9.70000000e-01 -1.11413653e-04 
 9.80000000e-01  9.80000000e-01 -1.12845919e-04 
 9.90000000e-01  9.90000000e-01 -1.14287566e-04 
 1.00000000e+00  1.00000000e+00 -1.15738566e-04 
 1.01000000e+00  1.01000000e+00 -1.17198891e-04 
 1.02000000e+00  1.02000000e+00 -1.18668515e-04 
 1.03000000e+00  1.03000000e+00 -1.20147415e-04 
 1.04000000e+00  1.04000000e+00 -1.21635568e-04 
 1.05000000e+00  1.05000000e+00 -1.23132955e-04 
 1.06000000e+00  1.06000000e+00 -1.24639558e-04 
 1.07000000e+00  1.07000000e+00 -1.26155361e-04 
 1.08000000e+00  1.08000000e+00 -1.27680353e-04 
 1.09000000e+00  1.09000000e+00 -1.29214522e-04 
 1.10000000e+00  1.10000000e+00 -1.30757862e-04 
 1.11000000e+00  1.11000000e+00 -1.32310367e-04 
 1.12000000e+00  1.12000000e+00 -1.33872037e-04 
 1.13000000e+00  1.13000000e+00 -1.35442873e-04 
 1.14000000e+00  1.14000000e+00 -1.37022881e-04 
 1.15000000e+00  1.15000000e+00 -1.38612069e-04 
 1.16000000e+00  1.16000000e+00 -1.40210450e-04 
 1.17000000e+00  1.17000000e+00 -1.41818041e-04 
 1.18000000e+00  1.18000000e+00 -1.43434862e-04 
 1.19000000e+00  1.19000000e+00 -1.45060939e-04 
 1.20000000e+00  1.20000000e+00 -1.46696304e-04 
 0.00000000e+00  0.00000000e+00  2.73828040e-10 
 1.00000000e-02  1.00000000e-02 -2.40673384e-05 
 2.00000000e-02  2.00000000e-02 -4.64135155e-05 
 3.00000000e-02  3.00000000e-02 -6.70938352e-05 
 4.00000000e-02  4.00000000e-02 -8.61646556e-05 
 5.00000000e-02  5.00000000e-02 -1.03680109e-04 
 6.00000000e-02  6.00000000e-02 -1.19691286e-04 
 7.00000000e-02  7.00000000e-02 -1.34246796e-04 
 8.00000000e-02  8.00000000e-02 -1.47394647e-04 
 9.00000000e-02  9.00000000e-02 -1.59185655e-04 
 1.00000000e-01  1.00000000e-01 -1.69678371e-04 
 1.10000000e-01  1.10000000e-01 -1.78944873e-04 
 1.20000000e-01  1.20000000e-01 -1.87075614e-04 
 1.30000000e-01  1.30000000e-01 -1.94180802e-04 
 1.40000000e-01  1.40000000e-01 -2.00386483e-04 
 1.50000000e-01  1.50000000e-01 -2.05825903e-04 
 1.60000000e-01  1.60000000e-01 -2.10629180e-04 
 1.70000000e-01  1.70000000e-01 -2.14914757e-04 
 1.80000000e-01  1.80000000e-01 -2.18784543e-04 
 1.90000000e-01  1.90000000e-01 -2.22322670e-04 
 2.00000000e-01  2.00000000e-01 -2.25596691e-04 
 2.10000000e-01  2.10000000e-01 -2.28659948e-04 
 2.20000000e-01  2.20000000e-01 -2.31554217e-04 
 2.30000000e-01  2.30000000e-01 -2.34312138e-04 
 2.40000000e-01  2.40000000e-01 -2.36959262e-04 
 2.50000000e-01  2.50000000e-01 -2.39515680e-04 
 2.60000000e-01  2.60000000e-01 -2.41997291e-04 
 2.70000000e-01  2.70000000e-01 -2.44416761e-04 
 2.80000000e-01  2.80000000e-01 -2.46784263e-04 
 2.90000000e-01  2.90000000e-01 -2.49108030e-04 
 3.00000000e-01  3.00000000e-01 -2.51394774e-04 
 3.10000000e-01  3.10000000e-01 -2.53650012e-04 
 3.20000000e-01  3.20000000e-01 -2.55878307e-04 
 3.30000000e-01  3.30000000e-01 -2.58083462e-04 
 3.40000000e-01  3.40000000e-01 -2.60268668e-04 
 3.50000000e-01  3.50000000e-01 -2.62436616e-04 
 3.60000000e-01  3.60000000e-01 -2.64589591e-04 
 3.70000000e-01  3.70000000e-01 -2.66729541e-04 
 3.80000000e-01  3.80000000e-01 -2.68858140e-04 
 3.90000000e-01  3.90000000e-01 -2.70976829e-04 
 4.00000000e-01  4.00000000e-01 -2.73086856e-04 
 4.10000000e-01  4.10000000e-01 -2.75189304e-04 
 4.20000000e-01  4.20000000e-01 -2.77285122e-04 
 4.30000000e-01  4.30000000e-01 -2.79375138e-04 
 4.40000000e-01  4.40000000e-01 -2.81460082e-04 
 4.50000000e-01  4.50000000e-01 -2.83540595e-04 
 4.60000000e-01  4.60000000e-01 -2.85617248e-04 
 4.70000000e-01  4.70000000e-01 -2.87690544e-04 
 4.80000000e-01  4.80000000e-01 -2.89760931e-04 
 4.90000000e-01  4.90000000e-01 -2.91828809e-04 
 5.00000000e-01  5.00000000e-01 -2.93894535e-04 
 5.10000000e-01  5.10000000e-01 -2.95958430e-04 
 5.20000000e-01  5.20000000e-01 -2.98020779e-04 
 5.30000000e-01  5.30000000e-01 -3.00081840e-04 
 5.40000000e-01  5.40000000e-01 -3.02141845e-04 
 5.50000000e-01  5.50000000e-01 -3.04201003e-04 
 5.60000000e-01  5.60000000e-01 -3.06259503e-04 
 5.70000000e-01  5.70000000e-01 -3.08317515e-04 
 5.80000000e-01  5.80000000e-01 -3.10375194e-04 
 5.90000000e-01  5.90000000e-01 -3.12432678e-04 
 6.00000000e-01  6.00000000e-01 -3.14490095e-04 
 6.10000000e-01  6.10000000e-01 -3.16547560e-04 
 6.20000000e-01  6.20000000e-01 -3.18605177e-04 
 6.30000000e-01  6.30000000e-01 -3.20663040e-04 
 6.40000000e-01  6.40000000e-01 -3.22721237e-04 
 6.50000000e-01  6.50000000e-01 -3.24779845e-04 
 6.60000000e-01  6.60000000e-01 -3.26838936e-04 
 6.70000000e-01  6.70000000e-01 -3.28898575e-04 
 6.80000000e-01  6.80000000e-01 -3.30958822e-04 
 6.90000000e-01  6.90000000e-01 -3.33019731e-04 
 7.00000000e-01  7.00000000e-01 -3.35081351e-04 
 7.10000000e-01  7.10000000e-01 -3.37143729e-04 
 7.20000000e-01  7.20000000e-01 -3.39206906e-04 
 7.30000000e-01  7.30000000e-01 -3.41270920e-04 
 7.40000000e-01  7.40000000e-01 -3.43335808e-04 
 7.50000000e-01  7.50000000e-01 -3.45401603e-04 
 7.60000000e-01  7.60000000e-01 -3.47468335e-04 
 7.70000000e-01  7.70000000e-01 -3.49536034e-04 
 7.80000000e-01  7.80000000e-01 -3.51604727e-04 
 7.90000000e-01  7.90000000e-01 -3.53674441e-04 
 8.00000000e-01  8.00000000e-01 -3.55745201e-04 
 8.10000000e-01  8.10000000e-01 -3.57817031e-04 
 8.20000000e-01  8.20000000e-01 -3.59889956e-04 
 8.30000000e-01  8.30000000e-01 -3.61964000e-04 
 8.40000000e-01  8.40000000e-01 -3.64039187e-04 
 8.50000000e-01  8.50000000e-01 -3.66115541e-04 
 8.60000000e-01  8.60000000e-01 -3.68193088e-04 
 8.70000000e-01  8.70000000e-01 -3.70271854e-04 
 8.80000000e-01  8.80000000e-01 -3.72351865e-04 
 8.90000000e-01  8.90000000e-01 -3.74433151e-04 
 9.00000000e-01  9.00000000e-01 -3.76515740e-04 
 9.10000000e-01  9.10000000e-01 -3.78599665e-04 
 9.20000000e-01  9.20000000e-01 -3.80684958e-04 
 9.30000000e-01  9.30000000e-01 -3.82771657e-04 
 9.40000000e-01  9.40000000e-01 -3.84859799e-04 
 9.50000000e-01  9.50000000e-01 -3.86949425e-04 
 9.60000000e-01  9.60000000e-01 -3.89040578e-04 
 9.70000000e-01  9.70000000e-01 -3.91133306e-04 
 9.80000000e-01  9.80000000e-01 -3.93227657e-04 
 9.90000000e-01  9.90000000e-01 -3.95323687e-04 
 1.00000000e+00  1.00000000e+00 -3.97421450e-04 
 1.01000000e+00  1.01000000e+00 -3.99521008e-04 
 1.02000000e+00  1.02000000e+00 -4.01622426e-04 
 1.03000000e+00  1.03000000e+00 -4.03725772e-04 
 1.04000000e+00  1.04000000e+00 -4.05831119e-04 
 1.05000000e+00  1.05000000e+00 -4.07938544e-04 
 1.06000000e+00  1.06000000e+00 -4.10048130e-04 
 1.07000000e+00  1.07000000e+00 -4.12159964e-04 
 1.08000000e+00  1.08000000e+00 -4.14274136e-04 
 1.09000000e+00  1.09000000e+00 -4.16390744e-04 
 1.10000000e+00  1.10000000e+00 -4.18509889e-04 
 1.11000000e+00  1.11000000e+00 -4.20631678e-04 
 1.12000000e+00  1.12000000e+00 -4.22756224e-04 
 1.13000000e+00  1.13000000e+00 -4.24883645e-04 
 1.14000000e+00  1.14000000e+00 -4.27014065e-04 
 1.15000000e+00  1.15000000e+00 -4.29147614e-04 
 1.16000000e+00  1.16000000e+00 -4.31284426e-04 
 1.17000000e+00  1.17000000e+00 -4.33424645e-04 
 1.18000000e+00  1.18000000e+00 -4.35568418e-04 
 1.19000000e+00  1.19000000e+00 -4.37715900e-04 
 1.20000000e+00  1.20000000e+00 -4.39867252e-04 
 0.00000000e+00  0.00000000e+00  1.24829989e-09 
 1.00000000e-02  1.00000000e-02 -3.43323557e-05 
 2.00000000e-02  2.00000000e-02 -6.72836552e-05 
 3.00000000e-02  3.00000000e-02 -9.88805169e-05 
 4.00000000e-02  4.00000000e-02 -1.29150609e-04 
 5.00000000e-02  5.00000000e-02 -1.58120637e-04 
 6.00000000e-02  6.00000000e-02 -1.85815834e-04 
 7.00000000e-02  7.00000000e-02 -2.12259573e-04 
 8.00000000e-02  8.00000000e-02 -2.37473055e-04 
 9.00000000e-02  9.00000000e-02 -2.61475038e-04 
 1.00000000e-01  1.00000000e-01 -2.84281599e-04 
 1.10000000e-01  1.10000000e-01 -3.05905961e-04 
 1.20000000e-01  1.20000000e-01 -3.26358407e-04 
 1.30000000e-01  1.30000000e-01 -3.45646374e-04 
 1.40000000e-01  1.40000000e-01 -3.63774836e-04 
 1.50000000e-01  1.50000000e-01 -3.80747128e-04 
 1.60000000e-01  1.60000000e-01 -3.96566405e-04 
 1.70000000e-01  1.70000000e-01 -4.11237878e-04 
 1.80000000e-01  1.80000000e-01 -4.24771879e-04 
 1.90000000e-01  1.90000000e-01 -4.37187495e-04 
 2.00000000e-01  2.00000000e-01 -4.48516209e-04 
 2.10000000e-01  2.10000000e-01 -4.58804590e-04 
 2.20000000e-01  2.20000000e-01 -4.68115084e-04 
 2.30000000e-01  2.30000000e-01 -4.76524319e-04 
 2.40000000e-01  2.40000000e-01 -4.84119160e-04 
 2.50000000e-01  2.50000000e-01 -4.90991431e-04 
 2.60000000e-01  2.60000000e-01 -4.97232571e-04 
 2.70000000e-01  2.70000000e-01 -5.02929246e-04 
 2.80000000e-01  2.80000000e-01 -5.08160421e-04 
 2.90000000e-01  2.90000000e-01 -5.12995892e-04 
 3.00000000e-01  3.00000000e-01 -5.17495988e-04 
 3.10000000e-01  3.10000000e-01 -5.21712039e-04 
 3.20000000e-01  3.20000000e-01 -5.25687262e-04 
 3.30000000e-01  3.30000000e-01 -5.29457818e-04 
 3.40000000e-01  3.40000000e-01 -5.33053867e-04 
 3.50000000e-01  3.50000000e-01 -5.36500547e-04 
 3.60000000e-01  3.60000000e-01 -5.39818830e-04 
 3.70000000e-01  3.70000000e-01 -5.43026251e-04 
 3.80000000e-01  3.80000000e-01 -5.46137516e-04 
 3.90000000e-01  3.90000000e-01 -5.49165003e-04 
 4.00000000e-01  4.00000000e-01 -5.52119176e-04 
 4.10000000e-01  4.10000000e-01 -5.55008914e-04 
 4.20000000e-01  4.20000000e-01 -5.57841785e-04 
 4.30000000e-01  4.30000000e-01 -5.60624271e-04 
 4.40000000e-01  4.40000000e-01 -5.63361943e-04 
 4.50000000e-01  4.50000000e-01 -5.66059614e-04 
 4.60000000e-01  4.60000000e-01 -5.68721457e-04 
 4.70000000e-01  4.70000000e-01 -5.71351103e-04 
 4.80000000e-01  4.80000000e-01 -5.73951727e-04 
 4.90000000e-01  4.90000000e-01 -5.76526114e-04 
 5.00000000e-01  5.00000000e-01 -5.79076718e-04 
 5.10000000e-01  5.10000000e-01 -5.81605703e-04 
 5.20000000e-01  5.20000000e-01 -5.84114989e-04 
 5.30000000e-01  5.30000000e-01 -5.86606286e-04 
 5.40000000e-01  5.40000000e-01 -5.89081114e-04 
 5.50000000e-01  5.50000000e-01 -5.91540836e-04 
 5.60000000e-01  5.60000000e-01 -5.93986674e-04 
 5.70000000e-01  5.70000000e-01 -5.96419726e-04 
 5.80000000e-01  5.80000000e-01 -5.98840984e-04 
 5.90000000e-01  5.90000000e-01 -6.01251342e-04 
 6.00000000e-01  6.00000000e-01 -6.03651612e-04 
 6.10000000e-01  6.10000000e-01 -6.06042530e-04 
 6.20000000e-01  6.20000000e-01 -6.08424766e-04 
 6.30000000e-01  6.30000000e-01 -6.10798931e-04 
 6.40000000e-01  6.40000000e-01 -6.13165583e-04 
 6.50000000e-01  6.50000000e-01 -6.15525233e-04 
 6.60000000e-01  6.60000000e-01 -6.17878350e-04 
 6.70000000e-01  6.70000000e-01 -6.20225364e-04 
 6.80000000e-01  6.80000000e-01 -6.22566670e-04 
 6.90000000e-01  6.90000000e-01 -6.24902633e-04 
 7.00000000e-01  7.00000000e-01 -6.27233591e-04 
 7.10000000e-01  7.10000000e-01 -6.29559854e-04 
 7.20000000e-01  7.20000000e-01 -6.31881712e-04 
 7.30000000e-01  7.30000000e-01 -6.34199431e-04 
 7.40000000e-01  7.40000000e-01 -6.36513261e-04 
 7.50000000e-01  7.50000000e-01 -6.38823432e-04 
 7.60000000e-01  7.60000000e-01 -6.41130161e-04 
 7.70000000e-01  7.70000000e-01 -6.43433648e-04 
 7.80000000e-01  7.80000000e-01 -6.45734083e-04 
 7.90000000e-01  7.90000000e-01 -6.48031642e-04 
 8.00000000e-01  8.00000000e-01 -6.50326491e-04 
 8.10000000e-01  8.10000000e-01 -6.52618787e-04 
 8.20000000e-01  8.20000000e-01 -6.54908677e-04 
 8.30000000e-01  8.30000000e-01 -6.57196302e-04 
 8.40000000e-01  8.40000000e-01 -6.59481793e-04 
 8.50000000e-01  8.50000000e-01 -6.61765279e-04 
 8.60000000e-01  8.60000000e-01 -6.64046879e-04 
 8.70000000e-01  8.70000000e-01 -6.66326710e-04 
 8.80000000e-01  8.80000000e-01 -6.68604885e-04 
 8.90000000e-01  8.90000000e-01 -6.70881511e-04 
 9.00000000e-01  9.00000000e-01 -6.73156695e-04 
 9.10000000e-01  9.10000000e-01 -6.75430539e-04 
 9.20000000e-01  9.20000000e-01 -6.77703145e-04 
 9.30000000e-01  9.30000000e-01 -6.79974613e-04 
 9.40000000e-01  9.40000000e-01 -6.82245043e-04 
 9.50000000e-01  9.50000000e-01 -6.84514532e-04 
 9.60000000e-01  9.60000000e-01 -6.86783180e-04 
 9.70000000e-01  9.70000000e-01 -6.89051086e-04 
 9.80000000e-01  9.80000000e-01 -6.91318352e-04 
 9.90000000e-01  9.90000000e-01 -6.93585080e-04 
 1.00000000e+00  1.00000000e+00 -6.95851372e-04 
 1.01000000e+00  1.01000000e+00 -6.98117337e-04 
 1.02000000e+00  1.02000000e+00 -7.00383083e-04 
 1.03000000e+00  1.03000000e+00 -7.02648722e-04 
 1.04000000e+00  1.04000000e+00 -7.04914370e-04 
 1.05000000e+00  1.05000000e+00 -7.07180146e-04 
 1.06000000e+00  1.06000000e+00 -7.09446173e-04 
 1.07000000e+00  1.07000000e+00 -7.11712581e-04 
 1.08000000e+00  1.08000000e+00 -7.13979500e-04 
 1.09000000e+00  1.09000000e+00 -7.16247070e-04 
 1.10000000e+00  1.10000000e+00 -7.18515434e-04 
 1.11000000e+00  1.11000000e+00 -7.20784739e-04 
 1.12000000e+00  1.12000000e+00 -7.23055141e-04 
 1.13000000e+00  1.13000000e+00 -7.25326801e-04 
 1.14000000e+00  1.14000000e+00 -7.27599886e-04 
 1.15000000e+00  1.15000000e+00 -7.29874571e-04 
 1.16000000e+00  1.16000000e+00 -7.32151035e-04 
 1.17000000e+00  1.17000000e+00 -7.34429467e-04 
 1.18000000e+00  1.18000000e+00 -7.36710061e-04 
 1.19000000e+00  1.19000000e+00 -7.38993020e-04 
 1.20000000e+00  1.20000000e+00 -7.41278554e-04 
 0.00000000e+00  0.00000000e+00  4.51506799e-09 
 1.00000000e-02  1.00000000e-02 -3.91887197e-05 
 2.00000000e-02  2.00000000e-02 -7.72877611e-05 
 3.00000000e-02  3.00000000e-02 -1.14309360e-04 
 4.00000000e-02  4.00000000e-02 -1.50270014e-04 
 5.00000000e-02  5.00000000e-02 -1.85185788e-04 
 6.00000000e-02  6.00000000e-02 -2.19072167e-04 
 7.00000000e-02  7.00000000e-02 -2.51943936e-04 
 8.00000000e-02  8.00000000e-02 -2.83815069e-04 
 9.00000000e-02  9.00000000e-02 -3.14698621e-04 
 1.00000000e-01  1.00000000e-01 -3.44606620e-04 
 1.10000000e-01  1.10000000e-01 -3.73549947e-04 
 1.20000000e-01  1.20000000e-01 -4.01538209e-04 
 1.30000000e-01  1.30000000e-01 -4.28579605e-04 
 1.40000000e-01  1.40000000e-01 -4.54680769e-04 
 1.50000000e-01  1.50000000e-01 -4.79846614e-04 
 1.60000000e-01  1.60000000e-01 -5.04080164e-04 
 1.70000000e-01  1.70000000e-01 -5.27382398e-04 
 1.80000000e-01  1.80000000e-01 -5.49752110e-04 
 1.90000000e-01  1.90000000e-01 -5.71185837e-04 
 2.00000000e-01  2.00000000e-01 -5.91677874e-04 
 2.10000000e-01  2.10000000e-01 -6.11220459e-04 
 2.20000000e-01  2.20000000e-01 -6.29804201e-04 
 2.30000000e-01  2.30000000e-01 -6.47418844e-04 
 2.40000000e-01  2.40000000e-01 -6.64054461e-04 
 2.50000000e-01  2.50000000e-01 -6.79703139e-04 
 2.60000000e-01  2.60000000e-01 -6.94361128e-04 
 2.70000000e-01  2.70000000e-01 -7.08031304e-04 
 2.80000000e-01  2.80000000e-01 -7.20725623e-04 
 2.90000000e-01  2.90000000e-01 -7.32467121e-04 
 3.00000000e-01  3.00000000e-01 -7.43290967e-04 
 3.10000000e-01  3.10000000e-01 -7.53244224e-04 
 3.20000000e-01  3.20000000e-01 -7.62384229e-04 
 3.30000000e-01  3.30000000e-01 -7.70775892e-04 
 3.40000000e-01  3.40000000e-01 -7.78488398e-04 
 3.50000000e-01  3.50000000e-01 -7.85591905e-04 
 3.60000000e-01  3.60000000e-01 -7.92154703e-04 
 3.70000000e-01  3.70000000e-01 -7.98241092e-04 
 3.80000000e-01  3.80000000e-01 -8.03910043e-04 
 3.90000000e-01  3.90000000e-01 -8.09214535e-04 
 4.00000000e-01  4.00000000e-01 -8.14201438e-04 
 4.10000000e-01  4.10000000e-01 -8.18911747e-04 
 4.20000000e-01  4.20000000e-01 -8.23381033e-04 
 4.30000000e-01  4.30000000e-01 -8.27639997e-04 
 4.40000000e-01  4.40000000e-01 -8.31715058e-04 
 4.50000000e-01  4.50000000e-01 -8.35628910e-04 
 4.60000000e-01  4.60000000e-01 -8.39401049e-04 
 4.70000000e-01  4.70000000e-01 -8.43048237e-04 
 4.80000000e-01  4.80000000e-01 -8.46584903e-04 
 4.90000000e-01  4.90000000e-01 -8.50023498e-04 
 5.00000000e-01  5.00000000e-01 -8.53374787e-04 
 5.10000000e-01  5.10000000e-01 -8.56648108e-04 
 5.20000000e-01  5.20000000e-01 -8.59851583e-04 
 5.30000000e-01  5.30000000e-01 -8.62992294e-04 
 5.40000000e-01  5.40000000e-01 -8.66076439e-04 
 5.50000000e-01  5.50000000e-01 -8.69109459e-04 
 5.60000000e-01  5.60000000e-01 -8.72096142e-04 
 5.70000000e-01  5.70000000e-01 -8.75040716e-04 
 5.80000000e-01  5.80000000e-01 -8.77946926e-04 
 5.90000000e-01  5.90000000e-01 -8.80818098e-04 
 6.00000000e-01  6.00000000e-01 -8.83657193e-04 
 6.10000000e-01  6.10000000e-01 -8.86466857e-04 
 6.20000000e-01  6.20000000e-01 -8.89249460e-04 
 6.30000000e-01  6.30000000e-01 -8.92007127e-04 
 6.40000000e-01  6.40000000e-01 -8.94741772e-04 
 6.50000000e-01  6.50000000e-01 -8.97455122e-04 
 6.60000000e-01  6.60000000e-01 -9.00148739e-04 
 6.70000000e-01  6.70000000e-01 -9.02824036e-04 
 6.80000000e-01  6.80000000e-01 -9.05482299e-04 
 6.90000000e-01  6.90000000e-01 -9.08124697e-04 
 7.00000000e-01  7.00000000e-01 -9.10752297e-04 
 7.10000000e-01  7.10000000e-01 -9.13366072e-04 
 7.20000000e-01  7.20000000e-01 -9.15966915e-04 
 7.30000000e-01  7.30000000e-01 -9.18555642e-04 
 7.40000000e-01  7.40000000e-01 -9.21133005e-04 
 7.50000000e-01  7.50000000e-01 -9.23699695e-04 
 7.60000000e-01  7.60000000e-01 -9.26256349e-04 
 7.70000000e-01  7.70000000e-01 -9.28803556e-04 
 7.80000000e-01  7.80000000e-01 -9.31341858e-04 
 7.90000000e-01  7.90000000e-01 -9.33871759e-04 
 8.00000000e-01  8.00000000e-01 -9.36393726e-04 
 8.10000000e-01  8.10000000e-01 -9.38908193e-04 
 8.20000000e-01  8.20000000e-01 -9.41415564e-04 
 8.30000000e-01  8.30000000e-01 -9.43916215e-04 
 8.40000000e-01  8.40000000e-01 -9.46410496e-04 
 8.50000000e-01  8.50000000e-01 -9.48898736e-04 
 8.60000000e-01  8.60000000e-01 -9.51381242e-04 
 8.70000000e-01  8.70000000e-01 -9.53858304e-04 
 8.80000000e-01  8.80000000e-01 -9.56330192e-04 
 8.90000000e-01  8.90000000e-01 -9.58797162e-04 
 9.00000000e-01  9.00000000e-01 -9.61259457e-04 
 9.10000000e-01  9.10000000e-01 -9.63717304e-04 
 9.20000000e-01  9.20000000e-01 -9.66170922e-04 
 9.30000000e-01  9.30000000e-01 -9.68620517e-04 
 9.40000000e-01  9.40000000e-01 -9.71066288e-04 
 9.50000000e-01  9.50000000e-01 -9.73508424e-04 
 9.60000000e-01  9.60000000e-01 -9.75947108e-04 
 9.70000000e-01  9.70000000e-01 -9.78382517e-04 
 9.80000000e-01  9.80000000e-01 -9.80814822e-04 
 9.90000000e-01  9.90000000e-01 -9.83244189e-04 
 1.00000000e+00  1.00000000e+00 -9.85670784e-04 
 1.01000000e+00  1.01000000e+00 -9.88094765e-04 
 1.02000000e+00  1.02000000e+00 -9.90516292e-04 
 1.03000000e+00  1.03000000e+00 -9.92935522e-04 
 1.04000000e+00  1.04000000e+00 -9.95352612e-04 
 1.05000000e+00  1.05000000e+00 -9.97767719e-04 
 1.06000000e+00  1.06000000e+00 -1.00018100e-03 
 1.07000000e+00  1.07000000e+00 -1.00259262e-03 
 1.08000000e+00  1.08000000e+00 -1.00500273e-03 
 1.09000000e+00  1.09000000e+00 -1.00741150e-03 
 1.10000000e+00  1.10000000e+00 -1.00981909e-03 
 1.11000000e+00  1.11000000e+00 -1.01222568e-03 
 1.12000000e+00  1.12000000e+00 -1.01463145e-03 
 1.13000000e+00  1.13000000e+00 -1.01703656e-03 
 1.14000000e+00  1.14000000e+00 -1.01944121e-03 
 1.15000000e+00  1.15000000e+00 -1.02184558e-03 
 1.16000000e+00  1.16000000e+00 -1.02424988e-03 
 1.17000000e+00  1.17000000e+00 -1.02665431e-03 
 1.18000000e+00  1.18000000e+00 -1.02905907e-03 
 1.19000000e+00  1.19000000e+00 -1.03146438e-03 
 1.20000000e+00  1.20000000e+00 -1.03387047e-03 
 0.00000000e+00  0.00000000e+00  1.43588437e-08 
 1.00000000e-02  1.00000000e-02 -4.18960774e-05 
 2.00000000e-02  2.00000000e-02 -8.29117675e-05 
 3.00000000e-02  3.00000000e-02 -1.23043881e-04 
 4.00000000e-02  4.00000000e-02 -1.62303405e-04 
 5.00000000e-02  5.00000000e-02 -2.00701080e-04 
 6.00000000e-02  6.00000000e-02 -2.38247359e-04 
 7.00000000e-02  7.00000000e-02 -2.74952358e-04 
 8.00000000e-02  8.00000000e-02 -3.10825827e-04 
 9.00000000e-02  9.00000000e-02 -3.45877108e-04 
 1.00000000e-01  1.00000000e-01 -3.80115098e-04 
 1.10000000e-01  1.10000000e-01 -4.13548206e-04 
 1.20000000e-01  1.20000000e-01 -4.46184312e-04 
 1.30000000e-01  1.30000000e-01 -4.78030714e-04 
 1.40000000e-01  1.40000000e-01 -5.09094074e-04 
 1.50000000e-01  1.50000000e-01 -5.39380354e-04 
 1.60000000e-01  1.60000000e-01 -5.68894745e-04 
 1.70000000e-01  1.70000000e-01 -5.97641589e-04 
 1.80000000e-01  1.80000000e-01 -6.25624286e-04 
 1.90000000e-01  1.90000000e-01 -6.52845194e-04 
 2.00000000e-01  2.00000000e-01 -6.79305518e-04 
 2.10000000e-01  2.10000000e-01 -7.05005186e-04 
 2.20000000e-01  2.20000000e-01 -7.29942725e-04 
 2.30000000e-01  2.30000000e-01 -7.54115130e-04 
 2.40000000e-01  2.40000000e-01 -7.77517735e-04 
 2.50000000e-01  2.50000000e-01 -8.00144119e-04 
 2.60000000e-01  2.60000000e-01 -8.21986030e-04 
 2.70000000e-01  2.70000000e-01 -8.43033393e-04 
 2.80000000e-01  2.80000000e-01 -8.63274412e-04 
 2.90000000e-01  2.90000000e-01 -8.82695829e-04 
 3.00000000e-01  3.00000000e-01 -9.01283377e-04 
 3.10000000e-01  3.10000000e-01 -9.19022508e-04 
 3.20000000e-01  3.20000000e-01 -9.35899407e-04 
 3.30000000e-01  3.30000000e-01 -9.51902336e-04 
 3.40000000e-01  3.40000000e-01 -9.67023242e-04 
 3.50000000e-01  3.50000000e-01 -9.81259524e-04 
 3.60000000e-01  3.60000000e-01 -9.94615753e-04 
 3.70000000e-01  3.70000000e-01 -1.00710509e-03 
 3.80000000e-01  3.80000000e-01 -1.01875011e-03 
 3.90000000e-01  3.90000000e-01 -1.02958289e-03 
 4.00000000e-01  4.00000000e-01 -1.03964417e-03 
 4.10000000e-01  4.10000000e-01 -1.04898182e-03 
 4.20000000e-01  4.20000000e-01 -1.05764878e-03 
 4.30000000e-01  4.30000000e-01 -1.06570078e-03 
 4.40000000e-01  4.40000000e-01 -1.07319417e-03 
 4.50000000e-01  4.50000000e-01 -1.08018409e-03 
 4.60000000e-01  4.60000000e-01 -1.08672301e-03 
 4.70000000e-01  4.70000000e-01 -1.09285981e-03 
 4.80000000e-01  4.80000000e-01 -1.09863923e-03 
 4.90000000e-01  4.90000000e-01 -1.10410166e-03 
 5.00000000e-01  5.00000000e-01 -1.10928319e-03 
 5.10000000e-01  5.10000000e-01 -1.11421582e-03 
 5.20000000e-01  5.20000000e-01 -1.11892778e-03 
 5.30000000e-01  5.30000000e-01 -1.12344384e-03 
 5.40000000e-01  5.40000000e-01 -1.12778574e-03 
 5.50000000e-01  5.50000000e-01 -1.13197248e-03 
 5.60000000e-01  5.60000000e-01 -1.13602070e-03 
 5.70000000e-01  5.70000000e-01 -1.13994497e-03 
 5.80000000e-01  5.80000000e-01 -1.14375806e-03 
 5.90000000e-01  5.90000000e-01 -1.14747116e-03 
 6.00000000e-01  6.00000000e-01 -1.15109413e-03 
 6.10000000e-01  6.10000000e-01 -1.15463563e-03 
 6.20000000e-01  6.20000000e-01 -1.15810333e-03 
 6.30000000e-01  6.30000000e-01 -1.16150400e-03 
 6.40000000e-01  6.40000000e-01 -1.16484363e-03 
 6.50000000e-01  6.50000000e-01 -1.16812757e-03 
 6.60000000e-01  6.60000000e-01 -1.17136057e-03 
 6.70000000e-01  6.70000000e-01 -1.17454687e-03 
 6.80000000e-01  6.80000000e-01 -1.17769028e-03 
 6.90000000e-01  6.90000000e-01 -1.18079421e-03 
 7.00000000e-01  7.00000000e-01 -1.18386171e-03 
 7.10000000e-01  7.10000000e-01 -1.18689555e-03 
 7.20000000e-01  7.20000000e-01 -1.18989823e-03 
 7.30000000e-01  7.30000000e-01 -1.19287200e-03 
 7.40000000e-01  7.40000000e-01 -1.19581891e-03 
 7.50000000e-01  7.50000000e-01 -1.19874082e-03 
 7.60000000e-01  7.60000000e-01 -1.20163943e-03 
 7.70000000e-01  7.70000000e-01 -1.20451628e-03 
 7.80000000e-01  7.80000000e-01 -1.20737278e-03 
 7.90000000e-01  7.90000000e-01 -1.21021023e-03 
 8.00000000e-01  8.00000000e-01 -1.21302981e-03 
 8.10000000e-01  8.10000000e-01 -1.21583261e-03 
 8.20000000e-01  8.20000000e-01 -1.21861964e-03 
 8.30000000e-01  8.30000000e-01 -1.22139182e-03 
 8.40000000e-01  8.40000000e-01 -1.22414999e-03 
 8.50000000e-01  8.50000000e-01 -1.22689496e-03 
 8.60000000e-01  8.60000000e-01 -1.22962744e-03 
 8.70000000e-01  8.70000000e-01 -1.23234812e-03 
 8.80000000e-01  8.80000000e-01 -1.23505762e-03 
 8.90000000e-01  8.90000000e-01 -1.23775654e-03 
 9.00000000e-01  9.00000000e-01 -1.24044541e-03 
 9.10000000e-01  9.10000000e-01 -1.24312474e-03 
 9.20000000e-01  9.20000000e-01 -1.24579500e-03 
 9.30000000e-01  9.30000000e-01 -1.24845665e-03 
 9.40000000e-01  9.40000000e-01 -1.25111010e-03 
 9.50000000e-01  9.50000000e-01 -1.25375573e-03 
 9.60000000e-01  9.60000000e-01 -1.25639392e-03 
 9.70000000e-01  9.70000000e-01 -1.25902502e-03 
 9.80000000e-01  9.80000000e-01 -1.26164935e-03 
 9.90000000e-01  9.90000000e-01 -1.26426722e-03 
 1.00000000e+00  1.00000000e+00 -1.26687893e-03 
 1.01000000e+00  1.01000000e+00 -1.26948477e-03 
 1.02000000e+00  1.02000000e+00 -1.27208499e-03 
 1.03000000e+00  1.03000000e+00 -1.27467987e-03 
 1.04000000e+00  1.04000000e+00 -1.27726964e-03 
 1.05000000e+00  1.05000000e+00 -1.27985455e-03 
 1.06000000e+00  1.06000000e+00 -1.28243483e-03 
 1.07000000e+00  1.07000000e+00 -1.28501071e-03 
 1.08000000e+00  1.08000000e+00 -1.28758241e-03 
 1.09000000e+00  1.09000000e+00 -1.29015015e-03 
 1.10000000e+00  1.10000000e+00 -1.29271414e-03 
 1.11000000e+00  1.11000000e+00 -1.29527459e-03 
 1.12000000e+00  1.12000000e+00 -1.29783172e-03 
 1.13000000e+00  1.13000000e+00 -1.30038574e-03 
 1.14000000e+00  1.14000000e+00 -1.30293686e-03 
 1.15000000e+00  1.15000000e+00 -1.30548530e-03 
 1.16000000e+00  1.16000000e+00 -1.30803126e-03 
 1.17000000e+00  1.17000000e+00 -1.31057498e-03 
 1.18000000e+00  1.18000000e+00 -1.31311666e-03 
 1.19000000e+00  1.19000000e+00 -1.31565655e-03 
 1.20000000e+00  1.20000000e+00 -1.31819486e-03 
