 v-sweep         v(d,s)          i(VDS)         
 0.00000000e+00  0.00000000e+00  1.38656612e-42 
-1.00000000e-02 -1.00000000e-02  1.87544524e-10 
-2.00000000e-02 -2.00000000e-02  3.40520568e-10 
-3.00000000e-02 -3.00000000e-02  4.60882504e-10 
-4.00000000e-02 -4.00000000e-02  5.53455066e-10 
-5.00000000e-02 -5.00000000e-02  6.25196054e-10 
-6.00000000e-02 -6.00000000e-02  6.83226847e-10 
-7.00000000e-02 -7.00000000e-02  7.33166037e-10 
-8.00000000e-02 -8.00000000e-02  7.78742483e-10 
-9.00000000e-02 -9.00000000e-02  8.22223529e-10 
-1.00000000e-01 -1.00000000e-01  8.64958291e-10 
-1.10000000e-01 -1.10000000e-01  9.07766180e-10 
-1.20000000e-01 -1.20000000e-01  9.51167742e-10 
-1.30000000e-01 -1.30000000e-01  9.95513451e-10 
-1.40000000e-01 -1.40000000e-01  1.04105492e-09 
-1.50000000e-01 -1.50000000e-01  1.08798491e-09 
-1.60000000e-01 -1.60000000e-01  1.13646035e-09 
-1.70000000e-01 -1.70000000e-01  1.18661611e-09 
-1.80000000e-01 -1.80000000e-01  1.23857341e-09 
-1.90000000e-01 -1.90000000e-01  1.29244516e-09 
-2.00000000e-01 -2.00000000e-01  1.34833951e-09 
-2.10000000e-01 -2.10000000e-01  1.40636216e-09 
-2.20000000e-01 -2.20000000e-01  1.46661805e-09 
-2.30000000e-01 -2.30000000e-01  1.52921256e-09 
-2.40000000e-01 -2.40000000e-01  1.59425237e-09 
-2.50000000e-01 -2.50000000e-01  1.66184617e-09 
-2.60000000e-01 -2.60000000e-01  1.73210518e-09 
-2.70000000e-01 -2.70000000e-01  1.80514362e-09 
-2.80000000e-01 -2.80000000e-01  1.88107907e-09 
-2.90000000e-01 -2.90000000e-01  1.96003282e-09 
-3.00000000e-01 -3.00000000e-01  2.04213017e-09 
-3.10000000e-01 -3.10000000e-01  2.12750071e-09 
-3.20000000e-01 -3.20000000e-01  2.21627855e-09 
-3.30000000e-01 -3.30000000e-01  2.30860265e-09 
-3.40000000e-01 -3.40000000e-01  2.40461700e-09 
-3.50000000e-01 -3.50000000e-01  2.50447087e-09 
-3.60000000e-01 -3.60000000e-01  2.60831911e-09 
-3.70000000e-01 -3.70000000e-01  2.71632234e-09 
-3.80000000e-01 -3.80000000e-01  2.82864723e-09 
-3.90000000e-01 -3.90000000e-01  2.94546673e-09 
-4.00000000e-01 -4.00000000e-01  3.06696037e-09 
-4.10000000e-01 -4.10000000e-01  3.19331448e-09 
-4.20000000e-01 -4.20000000e-01  3.32472249e-09 
-4.30000000e-01 -4.30000000e-01  3.46138522e-09 
-4.40000000e-01 -4.40000000e-01  3.60351112e-09 
-4.50000000e-01 -4.50000000e-01  3.75131663e-09 
-4.60000000e-01 -4.60000000e-01  3.90502646e-09 
-4.70000000e-01 -4.70000000e-01  4.06487387e-09 
-4.80000000e-01 -4.80000000e-01  4.23110109e-09 
-4.90000000e-01 -4.90000000e-01  4.40395954e-09 
-5.00000000e-01 -5.00000000e-01  4.58371030e-09 
-5.10000000e-01 -5.10000000e-01  4.77062440e-09 
-5.20000000e-01 -5.20000000e-01  4.96498320e-09 
-5.30000000e-01 -5.30000000e-01  5.16707880e-09 
-5.40000000e-01 -5.40000000e-01  5.37721448e-09 
-5.50000000e-01 -5.50000000e-01  5.59570502e-09 
-5.60000000e-01 -5.60000000e-01  5.82287725e-09 
-5.70000000e-01 -5.70000000e-01  6.05907043e-09 
-5.80000000e-01 -5.80000000e-01  6.30463675e-09 
-5.90000000e-01 -5.90000000e-01  6.55994180e-09 
-6.00000000e-01 -6.00000000e-01  6.82536513e-09 
-6.10000000e-01 -6.10000000e-01  7.10130070e-09 
-6.20000000e-01 -6.20000000e-01  7.38815752e-09 
-6.30000000e-01 -6.30000000e-01  7.68636018e-09 
-6.40000000e-01 -6.40000000e-01  7.99634946e-09 
-6.50000000e-01 -6.50000000e-01  8.31858297e-09 
-6.60000000e-01 -6.60000000e-01  8.65353580e-09 
-6.70000000e-01 -6.70000000e-01  9.00170120e-09 
-6.80000000e-01 -6.80000000e-01  9.36359134e-09 
-6.90000000e-01 -6.90000000e-01  9.73973803e-09 
-7.00000000e-01 -7.00000000e-01  1.01306935e-08 
-7.10000000e-01 -7.10000000e-01  1.05370313e-08 
-7.20000000e-01 -7.20000000e-01  1.09593470e-08 
-7.30000000e-01 -7.30000000e-01  1.13982594e-08 
-7.40000000e-01 -7.40000000e-01  1.18544112e-08 
-7.50000000e-01 -7.50000000e-01  1.23284702e-08 
-7.60000000e-01 -7.60000000e-01  1.28211301e-08 
-7.70000000e-01 -7.70000000e-01  1.33331121e-08 
-7.80000000e-01 -7.80000000e-01  1.38651654e-08 
-7.90000000e-01 -7.90000000e-01  1.44180691e-08 
-8.00000000e-01 -8.00000000e-01  1.49926331e-08 
-8.10000000e-01 -8.10000000e-01  1.55896995e-08 
-8.20000000e-01 -8.20000000e-01  1.62101444e-08 
-8.30000000e-01 -8.30000000e-01  1.68548787e-08 
-8.40000000e-01 -8.40000000e-01  1.75248505e-08 
-8.50000000e-01 -8.50000000e-01  1.82210462e-08 
-8.60000000e-01 -8.60000000e-01  1.89444927e-08 
-8.70000000e-01 -8.70000000e-01  1.96962590e-08 
-8.80000000e-01 -8.80000000e-01  2.04774582e-08 
-8.90000000e-01 -8.90000000e-01  2.12892499e-08 
-9.00000000e-01 -9.00000000e-01  2.21328419e-08 
-9.10000000e-01 -9.10000000e-01  2.30094930e-08 
-9.20000000e-01 -9.20000000e-01  2.39205153e-08 
-9.30000000e-01 -9.30000000e-01  2.48672765e-08 
-9.40000000e-01 -9.40000000e-01  2.58512033e-08 
-9.50000000e-01 -9.50000000e-01  2.68737837e-08 
-9.60000000e-01 -9.60000000e-01  2.79365701e-08 
-9.70000000e-01 -9.70000000e-01  2.90411831e-08 
-9.80000000e-01 -9.80000000e-01  3.01893140e-08 
-9.90000000e-01 -9.90000000e-01  3.13827294e-08 
-1.00000000e+00 -1.00000000e+00  3.26232740e-08 
-1.01000000e+00 -1.01000000e+00  3.39128753e-08 
-1.02000000e+00 -1.02000000e+00  3.52535478e-08 
-1.03000000e+00 -1.03000000e+00  3.66473971e-08 
-1.04000000e+00 -1.04000000e+00  3.80966246e-08 
-1.05000000e+00 -1.05000000e+00  3.96035330e-08 
-1.06000000e+00 -1.06000000e+00  4.11705310e-08 
-1.07000000e+00 -1.07000000e+00  4.28001392e-08 
-1.08000000e+00 -1.08000000e+00  4.44949957e-08 
-1.09000000e+00 -1.09000000e+00  4.62578626e-08 
-1.10000000e+00 -1.10000000e+00  4.80916320e-08 
-1.11000000e+00 -1.11000000e+00  4.99993335e-08 
-1.12000000e+00 -1.12000000e+00  5.19841412e-08 
-1.13000000e+00 -1.13000000e+00  5.40493813e-08 
-1.14000000e+00 -1.14000000e+00  5.61985403e-08 
-1.15000000e+00 -1.15000000e+00  5.84352740e-08 
-1.16000000e+00 -1.16000000e+00  6.07634158e-08 
-1.17000000e+00 -1.17000000e+00  6.31869872e-08 
-1.18000000e+00 -1.18000000e+00  6.57102075e-08 
-1.19000000e+00 -1.19000000e+00  6.83375047e-08 
-1.20000000e+00 -1.20000000e+00  7.10735270e-08 
 0.00000000e+00  0.00000000e+00 -8.22045638e-14 
-1.00000000e-02 -1.00000000e-02  2.97500204e-08 
-2.00000000e-02 -2.00000000e-02  5.40277295e-08 
-3.00000000e-02 -3.00000000e-02  7.31528391e-08 
-4.00000000e-02 -4.00000000e-02  8.78513984e-08 
-5.00000000e-02 -5.00000000e-02  9.91689519e-08 
-6.00000000e-02 -6.00000000e-02  1.08201055e-07 
-7.00000000e-02 -7.00000000e-02  1.15838496e-07 
-8.00000000e-02 -8.00000000e-02  1.22687714e-07 
-9.00000000e-02 -9.00000000e-02  1.29123210e-07 
-1.00000000e-01 -1.00000000e-01  1.35368809e-07 
-1.10000000e-01 -1.10000000e-01  1.41559628e-07 
-1.20000000e-01 -1.20000000e-01  1.47780107e-07 
-1.30000000e-01 -1.30000000e-01  1.54085604e-07 
-1.40000000e-01 -1.40000000e-01  1.60514445e-07 
-1.50000000e-01 -1.50000000e-01  1.67094713e-07 
-1.60000000e-01 -1.60000000e-01  1.73848168e-07 
-1.70000000e-01 -1.70000000e-01  1.80792578e-07 
-1.80000000e-01 -1.80000000e-01  1.87943137e-07 
-1.90000000e-01 -1.90000000e-01  1.95313368e-07 
-2.00000000e-01 -2.00000000e-01  2.02915701e-07 
-2.10000000e-01 -2.10000000e-01  2.10761867e-07 
-2.20000000e-01 -2.20000000e-01  2.18863159e-07 
-2.30000000e-01 -2.30000000e-01  2.27230622e-07 
-2.40000000e-01 -2.40000000e-01  2.35875186e-07 
-2.50000000e-01 -2.50000000e-01  2.44807767e-07 
-2.60000000e-01 -2.60000000e-01  2.54039339e-07 
-2.70000000e-01 -2.70000000e-01  2.63580997e-07 
-2.80000000e-01 -2.80000000e-01  2.73443999e-07 
-2.90000000e-01 -2.90000000e-01  2.83639803e-07 
-3.00000000e-01 -3.00000000e-01  2.94180104e-07 
-3.10000000e-01 -3.10000000e-01  3.05076853e-07 
-3.20000000e-01 -3.20000000e-01  3.16342284e-07 
-3.30000000e-01 -3.30000000e-01  3.27988935e-07 
-3.40000000e-01 -3.40000000e-01  3.40029664e-07 
-3.50000000e-01 -3.50000000e-01  3.52477668e-07 
-3.60000000e-01 -3.60000000e-01  3.65346498e-07 
-3.70000000e-01 -3.70000000e-01  3.78650074e-07 
-3.80000000e-01 -3.80000000e-01  3.92402700e-07 
-3.90000000e-01 -3.90000000e-01  4.06619076e-07 
-4.00000000e-01 -4.00000000e-01  4.21314315e-07 
-4.10000000e-01 -4.10000000e-01  4.36503952e-07 
-4.20000000e-01 -4.20000000e-01  4.52203962e-07 
-4.30000000e-01 -4.30000000e-01  4.68430767e-07 
-4.40000000e-01 -4.40000000e-01  4.85201253e-07 
-4.50000000e-01 -4.50000000e-01  5.02532783e-07 
-4.60000000e-01 -4.60000000e-01  5.20443206e-07 
-4.70000000e-01 -4.70000000e-01  5.38950872e-07 
-4.80000000e-01 -4.80000000e-01  5.58074647e-07 
-4.90000000e-01 -4.90000000e-01  5.77833920e-07 
-5.00000000e-01 -5.00000000e-01  5.98248622e-07 
-5.10000000e-01 -5.10000000e-01  6.19339234e-07 
-5.20000000e-01 -5.20000000e-01  6.41126802e-07 
-5.30000000e-01 -5.30000000e-01  6.63632951e-07 
-5.40000000e-01 -5.40000000e-01  6.86879894e-07 
-5.50000000e-01 -5.50000000e-01  7.10890451e-07 
-5.60000000e-01 -5.60000000e-01  7.35688057e-07 
-5.70000000e-01 -5.70000000e-01  7.61296779e-07 
-5.80000000e-01 -5.80000000e-01  7.87741327e-07 
-5.90000000e-01 -5.90000000e-01  8.15047070e-07 
-6.00000000e-01 -6.00000000e-01  8.43240049e-07 
-6.10000000e-01 -6.10000000e-01  8.72346990e-07 
-6.20000000e-01 -6.20000000e-01  9.02395322e-07 
-6.30000000e-01 -6.30000000e-01  9.33413189e-07 
-6.40000000e-01 -6.40000000e-01  9.65429464e-07 
-6.50000000e-01 -6.50000000e-01  9.98473769e-07 
-6.60000000e-01 -6.60000000e-01  1.03257649e-06 
-6.70000000e-01 -6.70000000e-01  1.06776878e-06 
-6.80000000e-01 -6.80000000e-01  1.10408261e-06 
-6.90000000e-01 -6.90000000e-01  1.14155075e-06 
-7.00000000e-01 -7.00000000e-01  1.18020680e-06 
-7.10000000e-01 -7.10000000e-01  1.22008522e-06 
-7.20000000e-01 -7.20000000e-01  1.26122134e-06 
-7.30000000e-01 -7.30000000e-01  1.30365136e-06 
-7.40000000e-01 -7.40000000e-01  1.34741243e-06 
-7.50000000e-01 -7.50000000e-01  1.39254260e-06 
-7.60000000e-01 -7.60000000e-01  1.43908090e-06 
-7.70000000e-01 -7.70000000e-01  1.48706733e-06 
-7.80000000e-01 -7.80000000e-01  1.53654292e-06 
-7.90000000e-01 -7.90000000e-01  1.58754970e-06 
-8.00000000e-01 -8.00000000e-01  1.64013079e-06 
-8.10000000e-01 -8.10000000e-01  1.69433040e-06 
-8.20000000e-01 -8.20000000e-01  1.75019386e-06 
-8.30000000e-01 -8.30000000e-01  1.80776766e-06 
-8.40000000e-01 -8.40000000e-01  1.86709948e-06 
-8.50000000e-01 -8.50000000e-01  1.92823821e-06 
-8.60000000e-01 -8.60000000e-01  1.99123405e-06 
-8.70000000e-01 -8.70000000e-01  2.05613847e-06 
-8.80000000e-01 -8.80000000e-01  2.12300430e-06 
-8.90000000e-01 -8.90000000e-01  2.19188576e-06 
-9.00000000e-01 -9.00000000e-01  2.26283852e-06 
-9.10000000e-01 -9.10000000e-01  2.33591972e-06 
-9.20000000e-01 -9.20000000e-01  2.41118805e-06 
-9.30000000e-01 -9.30000000e-01  2.48870381e-06 
-9.40000000e-01 -9.40000000e-01  2.56852894e-06 
-9.50000000e-01 -9.50000000e-01  2.65072707e-06 
-9.60000000e-01 -9.60000000e-01  2.73536364e-06 
-9.70000000e-01 -9.70000000e-01  2.82250591e-06 
-9.80000000e-01 -9.80000000e-01  2.91222305e-06 
-9.90000000e-01 -9.90000000e-01  3.00458621e-06 
-1.00000000e+00 -1.00000000e+00  3.09966861e-06 
-1.01000000e+00 -1.01000000e+00  3.19754558e-06 
-1.02000000e+00 -1.02000000e+00  3.29829469e-06 
-1.03000000e+00 -1.03000000e+00  3.40199581e-06 
-1.04000000e+00 -1.04000000e+00  3.50873120e-06 
-1.05000000e+00 -1.05000000e+00  3.61858562e-06 
-1.06000000e+00 -1.06000000e+00  3.73164639e-06 
-1.07000000e+00 -1.07000000e+00  3.84800356e-06 
-1.08000000e+00 -1.08000000e+00  3.96774996e-06 
-1.09000000e+00 -1.09000000e+00  4.09098131e-06 
-1.10000000e+00 -1.10000000e+00  4.21779639e-06 
-1.11000000e+00 -1.11000000e+00  4.34829711e-06 
-1.12000000e+00 -1.12000000e+00  4.48258865e-06 
-1.13000000e+00 -1.13000000e+00  4.62077962e-06 
-1.14000000e+00 -1.14000000e+00  4.76298216e-06 
-1.15000000e+00 -1.15000000e+00  4.90931209e-06 
-1.16000000e+00 -1.16000000e+00  5.05988908e-06 
-1.17000000e+00 -1.17000000e+00  5.21483681e-06 
-1.18000000e+00 -1.18000000e+00  5.37428309e-06 
-1.19000000e+00 -1.19000000e+00  5.53836009e-06 
-1.20000000e+00 -1.20000000e+00  5.70720448e-06 
 0.00000000e+00  0.00000000e+00 -5.65225508e-13 
-1.00000000e-02 -1.00000000e-02  1.20252737e-06 
-2.00000000e-02 -2.00000000e-02  2.30060793e-06 
-3.00000000e-02 -3.00000000e-02  3.29559795e-06 
-4.00000000e-02 -4.00000000e-02  4.18972700e-06 
-5.00000000e-02 -5.00000000e-02  4.98644390e-06 
-6.00000000e-02 -6.00000000e-02  5.69082746e-06 
-7.00000000e-02 -7.00000000e-02  6.30996682e-06 
-8.00000000e-02 -8.00000000e-02  6.85311972e-06 
-9.00000000e-02 -9.00000000e-02  7.33141375e-06 
-1.00000000e-01 -1.00000000e-01  7.75699128e-06 
-1.10000000e-01 -1.10000000e-01  8.14181115e-06 
-1.20000000e-01 -1.20000000e-01  8.49655703e-06 
-1.30000000e-01 -1.30000000e-01  8.83001567e-06 
-1.40000000e-01 -1.40000000e-01  9.14897849e-06 
-1.50000000e-01 -1.50000000e-01  9.45848591e-06 
-1.60000000e-01 -1.60000000e-01  9.76219882e-06 
-1.70000000e-01 -1.70000000e-01  1.00627578e-05 
-1.80000000e-01 -1.80000000e-01  1.03620743e-05 
-1.90000000e-01 -1.90000000e-01  1.06615462e-05 
-2.00000000e-01 -2.00000000e-01  1.09622108e-05 
-2.10000000e-01 -2.10000000e-01  1.12648511e-05 
-2.20000000e-01 -2.20000000e-01  1.15700683e-05 
-2.30000000e-01 -2.30000000e-01  1.18783329e-05 
-2.40000000e-01 -2.40000000e-01  1.21900193e-05 
-2.50000000e-01 -2.50000000e-01  1.25054307e-05 
-2.60000000e-01 -2.60000000e-01  1.28248167e-05 
-2.70000000e-01 -2.70000000e-01  1.31483856e-05 
-2.80000000e-01 -2.80000000e-01  1.34763142e-05 
-2.90000000e-01 -2.90000000e-01  1.38087539e-05 
-3.00000000e-01 -3.00000000e-01  1.41458364e-05 
-3.10000000e-01 -3.10000000e-01  1.44876772e-05 
-3.20000000e-01 -3.20000000e-01  1.48343789e-05 
-3.30000000e-01 -3.30000000e-01  1.51860330e-05 
-3.40000000e-01 -3.40000000e-01  1.55427220e-05 
-3.50000000e-01 -3.50000000e-01  1.59045210e-05 
-3.60000000e-01 -3.60000000e-01  1.62714984e-05 
-3.70000000e-01 -3.70000000e-01  1.66437170e-05 
-3.80000000e-01 -3.80000000e-01  1.70212348e-05 
-3.90000000e-01 -3.90000000e-01  1.74041055e-05 
-4.00000000e-01 -4.00000000e-01  1.77923790e-05 
-4.10000000e-01 -4.10000000e-01  1.81861018e-05 
-4.20000000e-01 -4.20000000e-01  1.85853176e-05 
-4.30000000e-01 -4.30000000e-01  1.89900672e-05 
-4.40000000e-01 -4.40000000e-01  1.94003887e-05 
-4.50000000e-01 -4.50000000e-01  1.98163183e-05 
-4.60000000e-01 -4.60000000e-01  2.02378898e-05 
-4.70000000e-01 -4.70000000e-01  2.06651352e-05 
-4.80000000e-01 -4.80000000e-01  2.10980846e-05 
-4.90000000e-01 -4.90000000e-01  2.15367662e-05 
-5.00000000e-01 -5.00000000e-01  2.19812070e-05 
-5.10000000e-01 -5.10000000e-01  2.24314321e-05 
-5.20000000e-01 -5.20000000e-01  2.28874652e-05 
-5.30000000e-01 -5.30000000e-01  2.33493289e-05 
-5.40000000e-01 -5.40000000e-01  2.38170442e-05 
-5.50000000e-01 -5.50000000e-01  2.42906310e-05 
-5.60000000e-01 -5.60000000e-01  2.47701078e-05 
-5.70000000e-01 -5.70000000e-01  2.52554921e-05 
-5.80000000e-01 -5.80000000e-01  2.57468004e-05 
-5.90000000e-01 -5.90000000e-01  2.62440478e-05 
-6.00000000e-01 -6.00000000e-01  2.67472488e-05 
-6.10000000e-01 -6.10000000e-01  2.72564167e-05 
-6.20000000e-01 -6.20000000e-01  2.77715637e-05 
-6.30000000e-01 -6.30000000e-01  2.82927016e-05 
-6.40000000e-01 -6.40000000e-01  2.88198408e-05 
-6.50000000e-01 -6.50000000e-01  2.93529912e-05 
-6.60000000e-01 -6.60000000e-01  2.98921621e-05 
-6.70000000e-01 -6.70000000e-01  3.04373617e-05 
-6.80000000e-01 -6.80000000e-01  3.09885978e-05 
-6.90000000e-01 -6.90000000e-01  3.15458777e-05 
-7.00000000e-01 -7.00000000e-01  3.21092080e-05 
-7.10000000e-01 -7.10000000e-01  3.26785948e-05 
-7.20000000e-01 -7.20000000e-01  3.32540441e-05 
-7.30000000e-01 -7.30000000e-01  3.38355613e-05 
-7.40000000e-01 -7.40000000e-01  3.44231517e-05 
-7.50000000e-01 -7.50000000e-01  3.50168206e-05 
-7.60000000e-01 -7.60000000e-01  3.56165731e-05 
-7.70000000e-01 -7.70000000e-01  3.62224143e-05 
-7.80000000e-01 -7.80000000e-01  3.68343499e-05 
-7.90000000e-01 -7.90000000e-01  3.74523856e-05 
-8.00000000e-01 -8.00000000e-01  3.80765275e-05 
-8.10000000e-01 -8.10000000e-01  3.87067826e-05 
-8.20000000e-01 -8.20000000e-01  3.93431586e-05 
-8.30000000e-01 -8.30000000e-01  3.99856639e-05 
-8.40000000e-01 -8.40000000e-01  4.06343081e-05 
-8.50000000e-01 -8.50000000e-01  4.12891023e-05 
-8.60000000e-01 -8.60000000e-01  4.19500588e-05 
-8.70000000e-01 -8.70000000e-01  4.26171917e-05 
-8.80000000e-01 -8.80000000e-01  4.32905170e-05 
-8.90000000e-01 -8.90000000e-01  4.39700528e-05 
-9.00000000e-01 -9.00000000e-01  4.46558195e-05 
-9.10000000e-01 -9.10000000e-01  4.53478402e-05 
-9.20000000e-01 -9.20000000e-01  4.60461408e-05 
-9.30000000e-01 -9.30000000e-01  4.67507503e-05 
-9.40000000e-01 -9.40000000e-01  4.74617010e-05 
-9.50000000e-01 -9.50000000e-01  4.81790291e-05 
-9.60000000e-01 -9.60000000e-01  4.89027745e-05 
-9.70000000e-01 -9.70000000e-01  4.96329816e-05 
-9.80000000e-01 -9.80000000e-01  5.03696992e-05 
-9.90000000e-01 -9.90000000e-01  5.11129810e-05 
-1.00000000e+00 -1.00000000e+00  5.18628860e-05 
-1.01000000e+00 -1.01000000e+00  5.26194787e-05 
-1.02000000e+00 -1.02000000e+00  5.33828293e-05 
-1.03000000e+00 -1.03000000e+00  5.41530146e-05 
-1.04000000e+00 -1.04000000e+00  5.49301176e-05 
-1.05000000e+00 -1.05000000e+00  5.57142283e-05 
-1.06000000e+00 -1.06000000e+00  5.65054442e-05 
-1.07000000e+00 -1.07000000e+00  5.73038704e-05 
-1.08000000e+00 -1.08000000e+00  5.81096198e-05 
-1.09000000e+00 -1.09000000e+00  5.89228139e-05 
-1.10000000e+00 -1.10000000e+00  5.97435828e-05 
-1.11000000e+00 -1.11000000e+00  6.05720660e-05 
-1.12000000e+00 -1.12000000e+00  6.14084123e-05 
-1.13000000e+00 -1.13000000e+00  6.22527806e-05 
-1.14000000e+00 -1.14000000e+00  6.31053399e-05 
-1.15000000e+00 -1.15000000e+00  6.39662702e-05 
-1.16000000e+00 -1.16000000e+00  6.48357623e-05 
-1.17000000e+00 -1.17000000e+00  6.57140187e-05 
-1.18000000e+00 -1.18000000e+00  6.66012537e-05 
-1.19000000e+00 -1.19000000e+00  6.74976938e-05 
-1.20000000e+00 -1.20000000e+00  6.84035783e-05 
 0.00000000e+00  0.00000000e+00 -2.18864433e-12 
-1.00000000e-02 -1.00000000e-02  5.00702968e-06 
-2.00000000e-02 -2.00000000e-02  9.83253918e-06 
-3.00000000e-02 -3.00000000e-02  1.44788134e-05 
-4.00000000e-02 -4.00000000e-02  1.89481268e-05 
-5.00000000e-02 -5.00000000e-02  2.32427486e-05 
-6.00000000e-02 -6.00000000e-02  2.73649519e-05 
-7.00000000e-02 -7.00000000e-02  3.13170244e-05 
-8.00000000e-02 -8.00000000e-02  3.51012829e-05 
-9.00000000e-02 -9.00000000e-02  3.87200914e-05 
-1.00000000e-01 -1.00000000e-01  4.21758836e-05 
-1.10000000e-01 -1.10000000e-01  4.54711925e-05 
-1.20000000e-01 -1.20000000e-01  4.86086881e-05 
-1.30000000e-01 -1.30000000e-01  5.15912255e-05 
-1.40000000e-01 -1.40000000e-01  5.44219053e-05 
-1.50000000e-01 -1.50000000e-01  5.71041494e-05 
-1.60000000e-01 -1.60000000e-01  5.96417922e-05 
-1.70000000e-01 -1.70000000e-01  6.20391862e-05 
-1.80000000e-01 -1.80000000e-01  6.43013184e-05 
-1.90000000e-01 -1.90000000e-01  6.64339232e-05 
-2.00000000e-01 -2.00000000e-01  6.84435768e-05 
-2.10000000e-01 -2.10000000e-01  7.03377428e-05 
-2.20000000e-01 -2.20000000e-01  7.21247440e-05 
-2.30000000e-01 -2.30000000e-01  7.38136364e-05 
-2.40000000e-01 -2.40000000e-01  7.54139838e-05 
-2.50000000e-01 -2.50000000e-01  7.69355543e-05 
-2.60000000e-01 -2.60000000e-01  7.83879853e-05 
-2.70000000e-01 -2.70000000e-01  7.97804702e-05 
-2.80000000e-01 -2.80000000e-01  8.11215119e-05 
-2.90000000e-01 -2.90000000e-01  8.24187672e-05 
-3.00000000e-01 -3.00000000e-01  8.36789809e-05 
-3.10000000e-01 -3.10000000e-01  8.49079938e-05 
-3.20000000e-01 -3.20000000e-01  8.61108019e-05 
-3.30000000e-01 -3.30000000e-01  8.72916426e-05 
-3.40000000e-01 -3.40000000e-01  8.84540922e-05 
-3.50000000e-01 -3.50000000e-01  8.96011628e-05 
-3.60000000e-01 -3.60000000e-01  9.07353909e-05 
-3.70000000e-01 -3.70000000e-01  9.18589155e-05 
-3.80000000e-01 -3.80000000e-01  9.29735454e-05 
-3.90000000e-01 -3.90000000e-01  9.40808154e-05 
-4.00000000e-01 -4.00000000e-01  9.51820329e-05 
-4.10000000e-01 -4.10000000e-01  9.62783161e-05 
-4.20000000e-01 -4.20000000e-01  9.73706262e-05 
-4.30000000e-01 -4.30000000e-01  9.84597923e-05 
-4.40000000e-01 -4.40000000e-01  9.95465336e-05 
-4.50000000e-01 -4.50000000e-01  1.00631476e-04 
-4.60000000e-01 -4.60000000e-01  1.01715166e-04 
-4.70000000e-01 -4.70000000e-01  1.02798085e-04 
-4.80000000e-01 -4.80000000e-01  1.03880656e-04 
-4.90000000e-01 -4.90000000e-01  1.04963253e-04 
-5.00000000e-01 -5.00000000e-01  1.06046208e-04 
-5.10000000e-01 -5.10000000e-01  1.07129817e-04 
-5.20000000e-01 -5.20000000e-01  1.08214344e-04 
-5.30000000e-01 -5.30000000e-01  1.09300027e-04 
-5.40000000e-01 -5.40000000e-01  1.10387077e-04 
-5.50000000e-01 -5.50000000e-01  1.11475686e-04 
-5.60000000e-01 -5.60000000e-01  1.12566027e-04 
-5.70000000e-01 -5.70000000e-01  1.13658256e-04 
-5.80000000e-01 -5.80000000e-01  1.14752516e-04 
-5.90000000e-01 -5.90000000e-01  1.15848936e-04 
-6.00000000e-01 -6.00000000e-01  1.16947632e-04 
-6.10000000e-01 -6.10000000e-01  1.18048712e-04 
-6.20000000e-01 -6.20000000e-01  1.19152273e-04 
-6.30000000e-01 -6.30000000e-01  1.20258406e-04 
-6.40000000e-01 -6.40000000e-01  1.21367193e-04 
-6.50000000e-01 -6.50000000e-01  1.22478708e-04 
-6.60000000e-01 -6.60000000e-01  1.23593021e-04 
-6.70000000e-01 -6.70000000e-01  1.24710196e-04 
-6.80000000e-01 -6.80000000e-01  1.25830291e-04 
-6.90000000e-01 -6.90000000e-01  1.26953360e-04 
-7.00000000e-01 -7.00000000e-01  1.28079454e-04 
-7.10000000e-01 -7.10000000e-01  1.29208619e-04 
-7.20000000e-01 -7.20000000e-01  1.30340896e-04 
-7.30000000e-01 -7.30000000e-01  1.31476326e-04 
-7.40000000e-01 -7.40000000e-01  1.32614946e-04 
-7.50000000e-01 -7.50000000e-01  1.33756790e-04 
-7.60000000e-01 -7.60000000e-01  1.34901889e-04 
-7.70000000e-01 -7.70000000e-01  1.36050274e-04 
-7.80000000e-01 -7.80000000e-01  1.37201973e-04 
-7.90000000e-01 -7.90000000e-01  1.38357011e-04 
-8.00000000e-01 -8.00000000e-01  1.39515415e-04 
-8.10000000e-01 -8.10000000e-01  1.40677208e-04 
-8.20000000e-01 -8.20000000e-01  1.41842414e-04 
-8.30000000e-01 -8.30000000e-01  1.43011055e-04 
-8.40000000e-01 -8.40000000e-01  1.44183154e-04 
-8.50000000e-01 -8.50000000e-01  1.45358732e-04 
-8.60000000e-01 -8.60000000e-01  1.46537812e-04 
-8.70000000e-01 -8.70000000e-01  1.47720418e-04 
-8.80000000e-01 -8.80000000e-01  1.48906571e-04 
-8.90000000e-01 -8.90000000e-01  1.50096299e-04 
-9.00000000e-01 -9.00000000e-01  1.51289626e-04 
-9.10000000e-01 -9.10000000e-01  1.52486581e-04 
-9.20000000e-01 -9.20000000e-01  1.53687194e-04 
-9.30000000e-01 -9.30000000e-01  1.54891499e-04 
-9.40000000e-01 -9.40000000e-01  1.56099531e-04 
-9.50000000e-01 -9.50000000e-01  1.57311330e-04 
-9.60000000e-01 -9.60000000e-01  1.58526940e-04 
-9.70000000e-01 -9.70000000e-01  1.59746408e-04 
-9.80000000e-01 -9.80000000e-01  1.60969788e-04 
-9.90000000e-01 -9.90000000e-01  1.62197138e-04 
-1.00000000e+00 -1.00000000e+00  1.63428522e-04 
-1.01000000e+00 -1.01000000e+00  1.64664011e-04 
-1.02000000e+00 -1.02000000e+00  1.65903684e-04 
-1.03000000e+00 -1.03000000e+00  1.67147626e-04 
-1.04000000e+00 -1.04000000e+00  1.68395932e-04 
-1.05000000e+00 -1.05000000e+00  1.69648704e-04 
-1.06000000e+00 -1.06000000e+00  1.70906055e-04 
-1.07000000e+00 -1.07000000e+00  1.72168108e-04 
-1.08000000e+00 -1.08000000e+00  1.73434998e-04 
-1.09000000e+00 -1.09000000e+00  1.74706869e-04 
-1.10000000e+00 -1.10000000e+00  1.75983879e-04 
-1.11000000e+00 -1.11000000e+00  1.77266199e-04 
-1.12000000e+00 -1.12000000e+00  1.78554012e-04 
-1.13000000e+00 -1.13000000e+00  1.79847518e-04 
-1.14000000e+00 -1.14000000e+00  1.81146928e-04 
-1.15000000e+00 -1.15000000e+00  1.82452472e-04 
-1.16000000e+00 -1.16000000e+00  1.83764395e-04 
-1.17000000e+00 -1.17000000e+00  1.85082958e-04 
-1.18000000e+00 -1.18000000e+00  1.86408443e-04 
-1.19000000e+00 -1.19000000e+00  1.87741146e-04 
-1.20000000e+00 -1.20000000e+00  1.89081384e-04 
 0.00000000e+00  0.00000000e+00 -6.69842863e-12 
-1.00000000e-02 -1.00000000e-02  8.33009867e-06 
-2.00000000e-02 -2.00000000e-02  1.64611157e-05 
-3.00000000e-02 -3.00000000e-02  2.43953224e-05 
-4.00000000e-02 -4.00000000e-02  3.21349618e-05 
-5.00000000e-02 -5.00000000e-02  3.96822426e-05 
-6.00000000e-02 -6.00000000e-02  4.70393410e-05 
-7.00000000e-02 -7.00000000e-02  5.42084013e-05 
-8.00000000e-02 -8.00000000e-02  6.11915372e-05 
-9.00000000e-02 -9.00000000e-02  6.79908335e-05 
-1.00000000e-01 -1.00000000e-01  7.46083473e-05 
-1.10000000e-01 -1.10000000e-01  8.10461093e-05 
-1.20000000e-01 -1.20000000e-01  8.73061259e-05 
-1.30000000e-01 -1.30000000e-01  9.33903811e-05 
-1.40000000e-01 -1.40000000e-01  9.93008383e-05 
-1.50000000e-01 -1.50000000e-01  1.05039443e-04 
-1.60000000e-01 -1.60000000e-01  1.10608127e-04 
-1.70000000e-01 -1.70000000e-01  1.16008811e-04 
-1.80000000e-01 -1.80000000e-01  1.21243406e-04 
-1.90000000e-01 -1.90000000e-01  1.26313826e-04 
-2.00000000e-01 -2.00000000e-01  1.31221988e-04 
-2.10000000e-01 -2.10000000e-01  1.35969822e-04 
-2.20000000e-01 -2.20000000e-01  1.40559285e-04 
-2.30000000e-01 -2.30000000e-01  1.44992369e-04 
-2.40000000e-01 -2.40000000e-01  1.49271122e-04 
-2.50000000e-01 -2.50000000e-01  1.53397665e-04 
-2.60000000e-01 -2.60000000e-01  1.57374225e-04 
-2.70000000e-01 -2.70000000e-01  1.61203162e-04 
-2.80000000e-01 -2.80000000e-01  1.64887012e-04 
-2.90000000e-01 -2.90000000e-01  1.68428539e-04 
-3.00000000e-01 -3.00000000e-01  1.71830788e-04 
-3.10000000e-01 -3.10000000e-01  1.75097149e-04 
-3.20000000e-01 -3.20000000e-01  1.78231427e-04 
-3.30000000e-01 -3.30000000e-01  1.81237901e-04 
-3.40000000e-01 -3.40000000e-01  1.84121379e-04 
-3.50000000e-01 -3.50000000e-01  1.86887223e-04 
-3.60000000e-01 -3.60000000e-01  1.89541348e-04 
-3.70000000e-01 -3.70000000e-01  1.92090177e-04 
-3.80000000e-01 -3.80000000e-01  1.94540547e-04 
-3.90000000e-01 -3.90000000e-01  1.96899589e-04 
-4.00000000e-01 -4.00000000e-01  1.99174570e-04 
-4.10000000e-01 -4.10000000e-01  2.01372735e-04 
-4.20000000e-01 -4.20000000e-01  2.03501151e-04 
-4.30000000e-01 -4.30000000e-01  2.05566580e-04 
-4.40000000e-01 -4.40000000e-01  2.07575382e-04 
-4.50000000e-01 -4.50000000e-01  2.09533446e-04 
-4.60000000e-01 -4.60000000e-01  2.11446159e-04 
-4.70000000e-01 -4.70000000e-01  2.13318405e-04 
-4.80000000e-01 -4.80000000e-01  2.15154571e-04 
-4.90000000e-01 -4.90000000e-01  2.16958579e-04 
-5.00000000e-01 -5.00000000e-01  2.18733920e-04 
-5.10000000e-01 -5.10000000e-01  2.20483693e-04 
-5.20000000e-01 -5.20000000e-01  2.22210646e-04 
-5.30000000e-01 -5.30000000e-01  2.23917213e-04 
-5.40000000e-01 -5.40000000e-01  2.25605552e-04 
-5.50000000e-01 -5.50000000e-01  2.27277577e-04 
-5.60000000e-01 -5.60000000e-01  2.28934986e-04 
-5.70000000e-01 -5.70000000e-01  2.30579293e-04 
-5.80000000e-01 -5.80000000e-01  2.32211844e-04 
-5.90000000e-01 -5.90000000e-01  2.33833842e-04 
-6.00000000e-01 -6.00000000e-01  2.35446365e-04 
-6.10000000e-01 -6.10000000e-01  2.37050379e-04 
-6.20000000e-01 -6.20000000e-01  2.38646751e-04 
-6.30000000e-01 -6.30000000e-01  2.40236264e-04 
-6.40000000e-01 -6.40000000e-01  2.41819625e-04 
-6.50000000e-01 -6.50000000e-01  2.43397472e-04 
-6.60000000e-01 -6.60000000e-01  2.44970386e-04 
-6.70000000e-01 -6.70000000e-01  2.46538894e-04 
-6.80000000e-01 -6.80000000e-01  2.48103476e-04 
-6.90000000e-01 -6.90000000e-01  2.49664570e-04 
-7.00000000e-01 -7.00000000e-01  2.51222576e-04 
-7.10000000e-01 -7.10000000e-01  2.52777863e-04 
-7.20000000e-01 -7.20000000e-01  2.54330767e-04 
-7.30000000e-01 -7.30000000e-01  2.55881597e-04 
-7.40000000e-01 -7.40000000e-01  2.57430640e-04 
-7.50000000e-01 -7.50000000e-01  2.58978158e-04 
-7.60000000e-01 -7.60000000e-01  2.60524395e-04 
-7.70000000e-01 -7.70000000e-01  2.62069576e-04 
-7.80000000e-01 -7.80000000e-01  2.63613909e-04 
-7.90000000e-01 -7.90000000e-01  2.65157588e-04 
-8.00000000e-01 -8.00000000e-01  2.66700792e-04 
-8.10000000e-01 -8.10000000e-01  2.68243690e-04 
-8.20000000e-01 -8.20000000e-01  2.69786437e-04 
-8.30000000e-01 -8.30000000e-01  2.71329179e-04 
-8.40000000e-01 -8.40000000e-01  2.72872052e-04 
-8.50000000e-01 -8.50000000e-01  2.74415183e-04 
-8.60000000e-01 -8.60000000e-01  2.75958693e-04 
-8.70000000e-01 -8.70000000e-01  2.77502692e-04 
-8.80000000e-01 -8.80000000e-01  2.79047287e-04 
-8.90000000e-01 -8.90000000e-01  2.80592578e-04 
-9.00000000e-01 -9.00000000e-01  2.82138658e-04 
-9.10000000e-01 -9.10000000e-01  2.83685618e-04 
-9.20000000e-01 -9.20000000e-01  2.85233543e-04 
-9.30000000e-01 -9.30000000e-01  2.86782515e-04 
-9.40000000e-01 -9.40000000e-01  2.88332613e-04 
-9.50000000e-01 -9.50000000e-01  2.89883913e-04 
-9.60000000e-01 -9.60000000e-01  2.91436489e-04 
-9.70000000e-01 -9.70000000e-01  2.92990414e-04 
-9.80000000e-01 -9.80000000e-01  2.94545762e-04 
-9.90000000e-01 -9.90000000e-01  2.96102603e-04 
-1.00000000e+00 -1.00000000e+00  2.97661012e-04 
-1.01000000e+00 -1.01000000e+00  2.99221061e-04 
-1.02000000e+00 -1.02000000e+00  3.00782828e-04 
-1.03000000e+00 -1.03000000e+00  3.02346389e-04 
-1.04000000e+00 -1.04000000e+00  3.03911828e-04 
-1.05000000e+00 -1.05000000e+00  3.05479231e-04 
-1.06000000e+00 -1.06000000e+00  3.07048689e-04 
-1.07000000e+00 -1.07000000e+00  3.08620298e-04 
-1.08000000e+00 -1.08000000e+00  3.10194164e-04 
-1.09000000e+00 -1.09000000e+00  3.11770396e-04 
-1.10000000e+00 -1.10000000e+00  3.13349115e-04 
-1.11000000e+00 -1.11000000e+00  3.14930450e-04 
-1.12000000e+00 -1.12000000e+00  3.16514542e-04 
-1.13000000e+00 -1.13000000e+00  3.18101542e-04 
-1.14000000e+00 -1.14000000e+00  3.19691614e-04 
-1.15000000e+00 -1.15000000e+00  3.21284935e-04 
-1.16000000e+00 -1.16000000e+00  3.22881697e-04 
-1.17000000e+00 -1.17000000e+00  3.24482110e-04 
-1.18000000e+00 -1.18000000e+00  3.26086396e-04 
-1.19000000e+00 -1.19000000e+00  3.27694800e-04 
-1.20000000e+00 -1.20000000e+00  3.29307581e-04 
 0.00000000e+00  0.00000000e+00 -1.80224190e-11 
-1.00000000e-02 -1.00000000e-02  1.07908696e-05 
-2.00000000e-02 -2.00000000e-02  2.13863049e-05 
-3.00000000e-02 -3.00000000e-02  3.17882248e-05 
-4.00000000e-02 -4.00000000e-02  4.19985392e-05 
-5.00000000e-02 -5.00000000e-02  5.20191312e-05 
-6.00000000e-02 -6.00000000e-02  6.18518583e-05 
-7.00000000e-02 -7.00000000e-02  7.14985523e-05 
-8.00000000e-02 -8.00000000e-02  8.09610199e-05 
-9.00000000e-02 -9.00000000e-02  9.02410429e-05 
-1.00000000e-01 -1.00000000e-01  9.93403792e-05 
-1.10000000e-01 -1.10000000e-01  1.08260763e-04 
-1.20000000e-01 -1.20000000e-01  1.17003904e-04 
-1.30000000e-01 -1.30000000e-01  1.25571490e-04 
-1.40000000e-01 -1.40000000e-01  1.33965186e-04 
-1.50000000e-01 -1.50000000e-01  1.42186634e-04 
-1.60000000e-01 -1.60000000e-01  1.50237454e-04 
-1.70000000e-01 -1.70000000e-01  1.58119245e-04 
-1.80000000e-01 -1.80000000e-01  1.65833584e-04 
-1.90000000e-01 -1.90000000e-01  1.73382028e-04 
-2.00000000e-01 -2.00000000e-01  1.80766113e-04 
-2.10000000e-01 -2.10000000e-01  1.87987352e-04 
-2.20000000e-01 -2.20000000e-01  1.95047241e-04 
-2.30000000e-01 -2.30000000e-01  2.01947255e-04 
-2.40000000e-01 -2.40000000e-01  2.08688850e-04 
-2.50000000e-01 -2.50000000e-01  2.15273462e-04 
-2.60000000e-01 -2.60000000e-01  2.21702507e-04 
-2.70000000e-01 -2.70000000e-01  2.27977387e-04 
-2.80000000e-01 -2.80000000e-01  2.34099482e-04 
-2.90000000e-01 -2.90000000e-01  2.40070158e-04 
-3.00000000e-01 -3.00000000e-01  2.45890764e-04 
-3.10000000e-01 -3.10000000e-01  2.51562638e-04 
-3.20000000e-01 -3.20000000e-01  2.57087104e-04 
-3.30000000e-01 -3.30000000e-01  2.62465481e-04 
-3.40000000e-01 -3.40000000e-01  2.67699083e-04 
-3.50000000e-01 -3.50000000e-01  2.72789228e-04 
-3.60000000e-01 -3.60000000e-01  2.77737248e-04 
-3.70000000e-01 -3.70000000e-01  2.82544499e-04 
-3.80000000e-01 -3.80000000e-01  2.87212376e-04 
-3.90000000e-01 -3.90000000e-01  2.91742337e-04 
-4.00000000e-01 -4.00000000e-01  2.96135928e-04 
-4.10000000e-01 -4.10000000e-01  3.00394818e-04 
-4.20000000e-01 -4.20000000e-01  3.04520839e-04 
-4.30000000e-01 -4.30000000e-01  3.08516034e-04 
-4.40000000e-01 -4.40000000e-01  3.12382710e-04 
-4.50000000e-01 -4.50000000e-01  3.16123498e-04 
-4.60000000e-01 -4.60000000e-01  3.19741403e-04 
-4.70000000e-01 -4.70000000e-01  3.23239852e-04 
-4.80000000e-01 -4.80000000e-01  3.26622727e-04 
-4.90000000e-01 -4.90000000e-01  3.29894373e-04 
-5.00000000e-01 -5.00000000e-01  3.33059578e-04 
-5.10000000e-01 -5.10000000e-01  3.36123532e-04 
-5.20000000e-01 -5.20000000e-01  3.39091748e-04 
-5.30000000e-01 -5.30000000e-01  3.41969970e-04 
-5.40000000e-01 -5.40000000e-01  3.44764068e-04 
-5.50000000e-01 -5.50000000e-01  3.47479928e-04 
-5.60000000e-01 -5.60000000e-01  3.50123354e-04 
-5.70000000e-01 -5.70000000e-01  3.52699975e-04 
-5.80000000e-01 -5.80000000e-01  3.55215177e-04 
-5.90000000e-01 -5.90000000e-01  3.57674057e-04 
-6.00000000e-01 -6.00000000e-01  3.60081381e-04 
-6.10000000e-01 -6.10000000e-01  3.62441577e-04 
-6.20000000e-01 -6.20000000e-01  3.64758726e-04 
-6.30000000e-01 -6.30000000e-01  3.67036569e-04 
-6.40000000e-01 -6.40000000e-01  3.69278523e-04 
-6.50000000e-01 -6.50000000e-01  3.71487700e-04 
-6.60000000e-01 -6.60000000e-01  3.73666926e-04 
-6.70000000e-01 -6.70000000e-01  3.75818764e-04 
-6.80000000e-01 -6.80000000e-01  3.77945538e-04 
-6.90000000e-01 -6.90000000e-01  3.80049355e-04 
-7.00000000e-01 -7.00000000e-01  3.82132121e-04 
-7.10000000e-01 -7.10000000e-01  3.84195569e-04 
-7.20000000e-01 -7.20000000e-01  3.86241270e-04 
-7.30000000e-01 -7.30000000e-01  3.88270649e-04 
-7.40000000e-01 -7.40000000e-01  3.90285005e-04 
-7.50000000e-01 -7.50000000e-01  3.92285519e-04 
-7.60000000e-01 -7.60000000e-01  3.94273270e-04 
-7.70000000e-01 -7.70000000e-01  3.96249240e-04 
-7.80000000e-01 -7.80000000e-01  3.98214331e-04 
-7.90000000e-01 -7.90000000e-01  4.00169367e-04 
-8.00000000e-01 -8.00000000e-01  4.02115103e-04 
-8.10000000e-01 -8.10000000e-01  4.04052235e-04 
-8.20000000e-01 -8.20000000e-01  4.05981402e-04 
-8.30000000e-01 -8.30000000e-01  4.07903193e-04 
-8.40000000e-01 -8.40000000e-01  4.09818151e-04 
-8.50000000e-01 -8.50000000e-01  4.11726779e-04 
-8.60000000e-01 -8.60000000e-01  4.13629542e-04 
-8.70000000e-01 -8.70000000e-01  4.15526871e-04 
-8.80000000e-01 -8.80000000e-01  4.17419166e-04 
-8.90000000e-01 -8.90000000e-01  4.19306797e-04 
-9.00000000e-01 -9.00000000e-01  4.21190112e-04 
-9.10000000e-01 -9.10000000e-01  4.23069432e-04 
-9.20000000e-01 -9.20000000e-01  4.24945058e-04 
-9.30000000e-01 -9.30000000e-01  4.26817271e-04 
-9.40000000e-01 -9.40000000e-01  4.28686333e-04 
-9.50000000e-01 -9.50000000e-01  4.30552490e-04 
-9.60000000e-01 -9.60000000e-01  4.32415972e-04 
-9.70000000e-01 -9.70000000e-01  4.34276998e-04 
-9.80000000e-01 -9.80000000e-01  4.36135770e-04 
-9.90000000e-01 -9.90000000e-01  4.37992481e-04 
-1.00000000e+00 -1.00000000e+00  4.39847312e-04 
-1.01000000e+00 -1.01000000e+00  4.41700436e-04 
-1.02000000e+00 -1.02000000e+00  4.43552016e-04 
-1.03000000e+00 -1.03000000e+00  4.45402208e-04 
-1.04000000e+00 -1.04000000e+00  4.47251160e-04 
-1.05000000e+00 -1.05000000e+00  4.49099016e-04 
-1.06000000e+00 -1.06000000e+00  4.50945913e-04 
-1.07000000e+00 -1.07000000e+00  4.52791987e-04 
-1.08000000e+00 -1.08000000e+00  4.54637367e-04 
-1.09000000e+00 -1.09000000e+00  4.56482182e-04 
-1.10000000e+00 -1.10000000e+00  4.58326560e-04 
-1.11000000e+00 -1.11000000e+00  4.60170628e-04 
-1.12000000e+00 -1.12000000e+00  4.62014514e-04 
-1.13000000e+00 -1.13000000e+00  4.63858349e-04 
-1.14000000e+00 -1.14000000e+00  4.65702265e-04 
-1.15000000e+00 -1.15000000e+00  4.67546400e-04 
-1.16000000e+00 -1.16000000e+00  4.69390897e-04 
-1.17000000e+00 -1.17000000e+00  4.71235905e-04 
-1.18000000e+00 -1.18000000e+00  4.73081580e-04 
-1.19000000e+00 -1.19000000e+00  4.74928090e-04 
-1.20000000e+00 -1.20000000e+00  4.76775611e-04 
 0.00000000e+00  0.00000000e+00 -4.46973783e-11 
-1.00000000e-02 -1.00000000e-02  1.26477770e-05 
-2.00000000e-02 -2.00000000e-02  2.51104068e-05 
-3.00000000e-02 -3.00000000e-02  3.73894384e-05 
-4.00000000e-02 -4.00000000e-02  4.94864466e-05 
-5.00000000e-02 -5.00000000e-02  6.14029871e-05 
-6.00000000e-02 -6.00000000e-02  7.31405966e-05 
-7.00000000e-02 -7.00000000e-02  8.47007937e-05 
-8.00000000e-02 -8.00000000e-02  9.60850787e-05 
-9.00000000e-02 -9.00000000e-02  1.07294934e-04 
-1.00000000e-01 -1.00000000e-01  1.18331823e-04 
-1.10000000e-01 -1.10000000e-01  1.29197194e-04 
-1.20000000e-01 -1.20000000e-01  1.39892476e-04 
-1.30000000e-01 -1.30000000e-01  1.50419082e-04 
-1.40000000e-01 -1.40000000e-01  1.60778407e-04 
-1.50000000e-01 -1.50000000e-01  1.70971831e-04 
-1.60000000e-01 -1.60000000e-01  1.81000714e-04 
-1.70000000e-01 -1.70000000e-01  1.90866403e-04 
-1.80000000e-01 -1.80000000e-01  2.00570228e-04 
-1.90000000e-01 -1.90000000e-01  2.10113501e-04 
-2.00000000e-01 -2.00000000e-01  2.19497520e-04 
-2.10000000e-01 -2.10000000e-01  2.28723565e-04 
-2.20000000e-01 -2.20000000e-01  2.37792901e-04 
-2.30000000e-01 -2.30000000e-01  2.46706777e-04 
-2.40000000e-01 -2.40000000e-01  2.55466426e-04 
-2.50000000e-01 -2.50000000e-01  2.64073064e-04 
-2.60000000e-01 -2.60000000e-01  2.72527891e-04 
-2.70000000e-01 -2.70000000e-01  2.80832092e-04 
-2.80000000e-01 -2.80000000e-01  2.88986833e-04 
-2.90000000e-01 -2.90000000e-01  2.96993265e-04 
-3.00000000e-01 -3.00000000e-01  3.04852522e-04 
-3.10000000e-01 -3.10000000e-01  3.12565718e-04 
-3.20000000e-01 -3.20000000e-01  3.20133952e-04 
-3.30000000e-01 -3.30000000e-01  3.27558302e-04 
-3.40000000e-01 -3.40000000e-01  3.34839829e-04 
-3.50000000e-01 -3.50000000e-01  3.41979572e-04 
-3.60000000e-01 -3.60000000e-01  3.48978550e-04 
-3.70000000e-01 -3.70000000e-01  3.55837760e-04 
-3.80000000e-01 -3.80000000e-01  3.62558177e-04 
-3.90000000e-01 -3.90000000e-01  3.69140753e-04 
-4.00000000e-01 -4.00000000e-01  3.75586413e-04 
-4.10000000e-01 -4.10000000e-01  3.81896059e-04 
-4.20000000e-01 -4.20000000e-01  3.88070566e-04 
-4.30000000e-01 -4.30000000e-01  3.94110782e-04 
-4.40000000e-01 -4.40000000e-01  4.00017527e-04 
-4.50000000e-01 -4.50000000e-01  4.05791600e-04 
-4.60000000e-01 -4.60000000e-01  4.11433772e-04 
-4.70000000e-01 -4.70000000e-01  4.16944797e-04 
-4.80000000e-01 -4.80000000e-01  4.22325415e-04 
-4.90000000e-01 -4.90000000e-01  4.27576364e-04 
-5.00000000e-01 -5.00000000e-01  4.32698390e-04 
-5.10000000e-01 -5.10000000e-01  4.37692265e-04 
-5.20000000e-01 -5.20000000e-01  4.42558816e-04 
-5.30000000e-01 -5.30000000e-01  4.47298949e-04 
-5.40000000e-01 -5.40000000e-01  4.51913693e-04 
-5.50000000e-01 -5.50000000e-01  4.56404237e-04 
-5.60000000e-01 -5.60000000e-01  4.60771987e-04 
-5.70000000e-01 -5.70000000e-01  4.65018612e-04 
-5.80000000e-01 -5.80000000e-01  4.69146099e-04 
-5.90000000e-01 -5.90000000e-01  4.73156802e-04 
-6.00000000e-01 -6.00000000e-01  4.77053472e-04 
-6.10000000e-01 -6.10000000e-01  4.80839281e-04 
-6.20000000e-01 -6.20000000e-01  4.84517823e-04 
-6.30000000e-01 -6.30000000e-01  4.88093087e-04 
-6.40000000e-01 -6.40000000e-01  4.91569419e-04 
-6.50000000e-01 -6.50000000e-01  4.94951454e-04 
-6.60000000e-01 -6.60000000e-01  4.98244047e-04 
-6.70000000e-01 -6.70000000e-01  5.01452185e-04 
-6.80000000e-01 -6.80000000e-01  5.04580906e-04 
-6.90000000e-01 -6.90000000e-01  5.07635222e-04 
-7.00000000e-01 -7.00000000e-01  5.10620047e-04 
-7.10000000e-01 -7.10000000e-01  5.13540144e-04 
-7.20000000e-01 -7.20000000e-01  5.16400076e-04 
-7.30000000e-01 -7.30000000e-01  5.19204180e-04 
-7.40000000e-01 -7.40000000e-01  5.21956540e-04 
-7.50000000e-01 -7.50000000e-01  5.24660985e-04 
-7.60000000e-01 -7.60000000e-01  5.27321078e-04 
-7.70000000e-01 -7.70000000e-01  5.29940126e-04 
-7.80000000e-01 -7.80000000e-01  5.32521188e-04 
-7.90000000e-01 -7.90000000e-01  5.35067084e-04 
-8.00000000e-01 -8.00000000e-01  5.37580410e-04 
-8.10000000e-01 -8.10000000e-01  5.40063553e-04 
-8.20000000e-01 -8.20000000e-01  5.42518705e-04 
-8.30000000e-01 -8.30000000e-01  5.44947880e-04 
-8.40000000e-01 -8.40000000e-01  5.47352925e-04 
-8.50000000e-01 -8.50000000e-01  5.49735540e-04 
-8.60000000e-01 -8.60000000e-01  5.52097281e-04 
-8.70000000e-01 -8.70000000e-01  5.54439584e-04 
-8.80000000e-01 -8.80000000e-01  5.56763766e-04 
-8.90000000e-01 -8.90000000e-01  5.59071042e-04 
-9.00000000e-01 -9.00000000e-01  5.61362529e-04 
-9.10000000e-01 -9.10000000e-01  5.63639260e-04 
-9.20000000e-01 -9.20000000e-01  5.65902187e-04 
-9.30000000e-01 -9.30000000e-01  5.68152191e-04 
-9.40000000e-01 -9.40000000e-01  5.70390087e-04 
-9.50000000e-01 -9.50000000e-01  5.72616632e-04 
-9.60000000e-01 -9.60000000e-01  5.74832524e-04 
-9.70000000e-01 -9.70000000e-01  5.77038415e-04 
-9.80000000e-01 -9.80000000e-01  5.79234911e-04 
-9.90000000e-01 -9.90000000e-01  5.81422574e-04 
-1.00000000e+00 -1.00000000e+00  5.83601928e-04 
-1.01000000e+00 -1.01000000e+00  5.85773464e-04 
-1.02000000e+00 -1.02000000e+00  5.87937639e-04 
-1.03000000e+00 -1.03000000e+00  5.90094881e-04 
-1.04000000e+00 -1.04000000e+00  5.92245590e-04 
-1.05000000e+00 -1.05000000e+00  5.94390142e-04 
-1.06000000e+00 -1.06000000e+00  5.96528888e-04 
-1.07000000e+00 -1.07000000e+00  5.98662160e-04 
-1.08000000e+00 -1.08000000e+00  6.00790269e-04 
-1.09000000e+00 -1.09000000e+00  6.02913510e-04 
-1.10000000e+00 -1.10000000e+00  6.05032158e-04 
-1.11000000e+00 -1.11000000e+00  6.07146478e-04 
-1.12000000e+00 -1.12000000e+00  6.09256717e-04 
-1.13000000e+00 -1.13000000e+00  6.11363112e-04 
-1.14000000e+00 -1.14000000e+00  6.13465889e-04 
-1.15000000e+00 -1.15000000e+00  6.15565264e-04 
-1.16000000e+00 -1.16000000e+00  6.17661443e-04 
-1.17000000e+00 -1.17000000e+00  6.19754627e-04 
-1.18000000e+00 -1.18000000e+00  6.21845011e-04 
-1.19000000e+00 -1.19000000e+00  6.23932783e-04 
-1.20000000e+00 -1.20000000e+00  6.26018130e-04 
